pair entails type len text.letters text.words text.sentences hyp.letters hyp.words hyp.sentences bag-of-words bag-of-words-by-freq
8	FALSE	IR		69	13	1	42	8	1 0.5 0.52489126
12	FALSE	IR		55	10	1	39	5	1 0.4 0.4439459
13	TRUE	IR		48	8	1	34	6	1 0.8333333 0.84432846
15	FALSE	IR		131	21	1	68	8	1 0.25 0.25022084
19	TRUE	IR		218	38	1	36	5	1 0.4 0.40259138
20	TRUE	IR		116	23	1	35	5	1 0.4 0.40005207
21	FALSE	PP		103	18	1	28	6	1 0.33333334 0.41121775
46	FALSE	IR		108	18	1	38	7	1 0.14285715 0.1449986
50	FALSE	IR		161	24	1	74	10	1 0.4 0.40777117
52	TRUE	IR		58	11	1	47	8	1 0.625 0.61017424
56	TRUE	IR		52	7	1	23	4	1 0.5 0.55749637
58	TRUE	IR		181	28	1	28	4	1 0.5 0.5412617
59	FALSE	IR		87	13	1	28	4	1 0.75 0.72937304
60	FALSE	IR		86	14	1	43	6	1 0.6666667 0.64465684
62	TRUE	IR		50	8	1	39	7	1 0.42857143 0.40606734
63	TRUE	IR		81	12	1	27	3	1 1.0 1.0
64	TRUE	IR		91	19	1	34	7	1 0.42857143 0.40496713
65	TRUE	IR		205	34	1	17	3	1 0.6666667 0.6669146
66	TRUE	IR		84	15	1	27	3	1 0.33333334 0.33351925
67	FALSE	IR		141	26	1	17	3	1 0.6666667 0.6669146
69	FALSE	IR		101	16	1	33	5	1 0.6 0.57456076
73	FALSE	IR		103	15	1	64	7	1 0.71428573 0.69821984
74	TRUE	IR		179	27	1	37	6	1 0.5 0.46649748
77	FALSE	IR		80	16	1	18	4	1 0.5 0.5172461
78	FALSE	IR		47	8	1	36	6	1 0.8333333 0.90568525
79	TRUE	IR		211	34	1	26	3	1 0.0 0.0
80	FALSE	IR		326	42	1	27	3	1 0.0 0.0
83	FALSE	IR		128	20	1	28	4	1 0.75 0.6668287
84	TRUE	IR		238	39	1	29	4	1 0.5 0.5000697
85	TRUE	IR		191	32	1	39	5	1 0.4 0.41123918
86	FALSE	IR		57	11	1	29	4	1 0.5 0.5000697
96	TRUE	IR		236	35	1	48	8	1 0.375 0.3758999
97	FALSE	IR		75	11	1	48	8	1 0.375 0.3758999
98	FALSE	IR		56	8	1	41	5	1 0.6 0.5890333
99	TRUE	IR		106	14	1	41	5	1 0.6 0.6165955
110	TRUE	IR		43	6	1	40	5	1 0.6 0.6658256
114	FALSE	IR		158	20	1	23	4	1 0.75 0.7489739
117	FALSE	IR		219	34	1	48	6	1 0.16666667 0.1670079
119	TRUE	IR		61	10	1	29	4	1 1.0 1.0
121	TRUE	IR		117	17	1	29	4	1 0.75 0.71424866
122	TRUE	IR		137	20	1	24	4	1 0.75 0.7779031
123	FALSE	IR		102	18	1	24	4	1 0.5 0.5185427
125	TRUE	IR		91	17	1	18	3	1 1.0 1.0
127	TRUE	IR		115	17	1	18	3	1 1.0 1.0
130	FALSE	IR		145	22	1	29	4	1 0.25 0.24964936
131	TRUE	IR		77	15	1	23	5	1 0.8 0.7951678
135	TRUE	IR		185	26	1	23	3	1 0.33333334 0.3371497
140	TRUE	RC		152	27	1	47	10	1 0.7 0.68952763
143	TRUE	RC		153	21	1	38	6	1 0.8333333 0.83030635
144	TRUE	RC		147	22	1	44	6	1 0.8333333 0.8531285
145	TRUE	RC		109	17	1	66	11	1 0.8 0.78494483
147	TRUE	RC		74	11	1	51	7	1 1.0 1.0
148	FALSE	RC		74	11	1	54	7	1 0.85714287 0.8334084
150	TRUE	RC		262	34	1	36	4	1 0.75 0.7779862
152	FALSE	RC		107	19	1	30	6	1 0.8333333 0.77428263
153	TRUE	RC		95	15	1	27	6	1 0.6666667 0.59235954
154	TRUE	RC		125	22	1	52	11	1 0.8888889 0.87570363
155	TRUE	RC		203	30	1	29	5	1 0.8 0.8056028
157	TRUE	RC		149	26	1	53	10	1 0.7 0.66566163
160	TRUE	RC		176	31	1	89	15	1 0.4 0.397306
162	FALSE	RC		84	13	1	81	15	1 0.35714287 0.3846876
163	FALSE	RC		95	18	1	42	10	1 0.5 0.47906965
167	TRUE	RC		119	20	1	45	9	1 0.44444445 0.39892477
170	FALSE	RC		98	17	1	37	6	1 0.6666667 0.6444906
171	FALSE	RC		108	17	1	35	5	1 0.6 0.55352426
173	FALSE	RC		241	38	1	57	9	1 0.7777778 0.7176024
175	FALSE	RC		273	42	1	60	12	1 0.9166667 0.8981355
176	TRUE	RC		273	42	1	54	10	1 1.0 1.0
177	FALSE	RC		136	19	1	58	8	1 0.625 0.605213
178	TRUE	RC		136	19	1	50	6	1 0.8333333 0.83273906
189	FALSE	RC		111	19	1	45	6	1 1.0 1.0
192	FALSE	RC		177	32	1	64	8	1 0.5 0.49526507
193	TRUE	RC		228	34	1	53	6	1 0.5 0.51156545
195	FALSE	RC		228	36	1	54	9	1 0.8888889 0.875574
196	TRUE	RC		228	36	1	52	8	1 0.625 0.5972467
199	FALSE	RC		128	24	1	47	9	1 0.5555556 0.46778968
201	FALSE	RC		207	32	1	61	9	1 0.6666667 0.5793115
202	TRUE	RC		207	32	1	43	9	1 0.625 0.6592873
203	FALSE	RC		165	30	1	48	6	1 1.0 1.0
205	FALSE	RC		219	38	1	66	10	1 0.9 0.8880888
209	FALSE	RC		213	37	1	66	9	1 0.7777778 0.75468373
211	FALSE	RC		103	17	1	48	7	1 0.42857143 0.29762885
213	FALSE	RC		189	33	1	41	7	1 0.85714287 0.8539664
214	TRUE	RC		189	33	1	52	10	1 0.7 0.6613305
217	TRUE	RC		190	29	1	68	12	1 0.6363636 0.55542576
220	FALSE	RC		221	29	1	66	10	1 0.8 0.83426565
221	TRUE	RC		183	29	1	62	8	1 0.5 0.3854812
222	FALSE	RC		183	29	1	86	12	1 0.5833333 0.5373474
227	FALSE	RC		215	38	1	73	12	1 0.72727275 0.7985896
230	FALSE	RC		226	35	1	125	20	1 0.8333333 0.81160283
231	TRUE	RC		112	19	1	45	9	1 0.7777778 0.7647274
232	TRUE	RC		188	32	1	43	7	1 0.5714286 0.57347
234	TRUE	RC		239	41	1	66	9	1 0.6666667 0.6538416
235	FALSE	RC		70	9	1	48	8	1 0.625 0.66879046
240	FALSE	RC		90	14	1	74	12	1 0.9166667 0.9158813
241	TRUE	RC		211	29	1	64	7	1 0.5714286 0.49929208
244	TRUE	RC		132	21	1	97	17	1 0.5882353 0.56762934
249	TRUE	RC		95	15	1	35	6	1 0.8333333 0.7961792
268	TRUE	IE		213	32	1	43	7	1 0.5714286 0.5149276
269	FALSE	IR		185	29	1	78	13	1 0.6923077 0.6660309
270	FALSE	IR		202	31	1	70	10	1 0.7777778 0.77646685
271	FALSE	IE		245	35	1	39	6	1 0.8333333 0.80258423
273	FALSE	IE		137	19	1	30	5	1 0.4 0.42645213
274	TRUE	IE		210	34	1	27	4	1 1.0 1.0
275	FALSE	IR		194	28	1	48	8	1 0.375 0.40470645
282	FALSE	IR		169	26	1	72	9	1 0.44444445 0.39763784
350	TRUE	MT		193	28	1	150	22	1 0.9047619 0.8982336
352	FALSE	MT		164	23	1	172	26	1 0.5 0.49058557
353	FALSE	MT		261	38	1	210	31	1 0.7407407 0.7229128
355	TRUE	MT		187	32	1	163	28	1 0.7916667 0.76868546
357	TRUE	MT		194	27	1	152	22	1 0.6666667 0.6307383
363	FALSE	MT		130	21	1	116	20	1 0.45 0.49150926
378	TRUE	MT		151	28	1	133	27	1 0.73913044 0.702707
380	FALSE	MT		195	26	1	154	22	1 0.4 0.34566805
465	FALSE	PP		126	22	1	27	4	1 0.75 0.7243198
466	TRUE	PP		174	24	1	123	17	1 0.75 0.71788436
468	TRUE	PP		58	11	1	39	7	1 0.71428573 0.7003159
469	TRUE	PP		75	11	1	45	5	1 0.8 0.800107
474	TRUE	PP		161	23	1	116	18	1 0.625 0.6145118
476	TRUE	PP		88	17	1	44	6	1 0.33333334 0.35098472
477	TRUE	PP		132	19	1	32	4	1 0.75 0.74987215
478	FALSE	PP		65	10	1	54	10	1 0.6 0.60850984
480	TRUE	PP		41	9	1	33	6	1 0.6666667 0.6688113
482	TRUE	PP		96	17	1	66	10	1 0.4 0.4066512
483	TRUE	PP		51	10	1	40	9	1 0.625 0.54835016
484	FALSE	PP		103	17	1	40	7	1 0.5714286 0.55176
486	TRUE	PP		220	37	1	29	6	1 0.8333333 0.82232565
487	TRUE	PP		190	35	1	40	9	1 0.75 0.71364385
489	FALSE	PP		186	30	1	42	7	1 0.5714286 0.54806113
491	TRUE	PP		232	39	1	56	10	1 0.8 0.7788651
493	FALSE	PP		252	40	1	46	6	1 0.6666667 0.66681045
496	TRUE	PP		64	11	1	25	3	1 0.33333334 0.34044385
497	FALSE	PP		65	11	1	39	7	1 0.42857143 0.46398664
498	TRUE	PP		221	36	1	27	4	1 0.75 0.6666778
501	TRUE	PP		107	20	1	27	5	1 0.6 0.50979865
503	TRUE	PP		96	15	1	45	9	1 0.44444445 0.42776826
506	FALSE	PP		198	29	1	67	10	1 0.5 0.49710143
509	FALSE	PP		107	18	1	85	15	1 0.3846154 0.3990393
510	TRUE	PP		281	44	1	65	10	1 0.8 0.7435022
514	TRUE	PP		251	40	1	53	8	1 0.71428573 0.69834614
515	FALSE	PP		142	21	1	38	6	1 0.6666667 0.5997656
516	FALSE	PP		103	15	1	53	8	1 0.71428573 0.72021306
518	FALSE	PP		114	22	1	89	17	1 0.4375 0.3528506
519	TRUE	PP		155	25	1	60	8	1 0.75 0.7354717
520	TRUE	PP		146	23	1	127	19	1 0.68421054 0.6929009
521	TRUE	PP		86	12	1	85	12	1 0.5833333 0.5754518
523	TRUE	PP		236	40	1	49	7	1 0.71428573 0.6662452
524	FALSE	PP		89	15	1	51	8	1 0.75 0.7200806
525	TRUE	PP		124	20	1	115	22	1 0.31578946 0.3220639
526	FALSE	PP		95	13	1	74	11	1 0.18181819 0.198834
527	FALSE	PP		393	61	1	177	27	1 0.54545456 0.49460608
528	TRUE	PP		226	36	1	38	5	1 0.6 0.5999817
531	FALSE	PP		257	44	1	79	10	1 0.3 0.2680615
533	FALSE	PP		230	39	1	59	10	1 0.5 0.4327611
534	FALSE	PP		108	20	1	29	4	1 0.75 0.7490028
535	FALSE	PP		164	28	1	64	10	1 0.8 0.7738501
537	FALSE	PP		267	43	1	200	28	1 0.3043478 0.25082836
538	TRUE	PP		157	27	1	77	14	1 0.61538464 0.58343226
540	FALSE	PP		160	24	1	42	6	1 0.6666667 0.67085224
541	FALSE	PP		182	31	1	105	17	1 0.375 0.3062945
542	TRUE	PP		98	19	1	92	18	1 0.6 0.5357161
543	FALSE	PP		118	21	1	60	11	1 0.36363637 0.36370257
544	FALSE	PP		199	28	1	57	9	1 0.6666667 0.69095635
546	TRUE	PP		121	20	1	47	7	1 0.85714287 0.8220167
547	FALSE	PP		259	38	1	100	14	1 0.42857143 0.4305427
557	FALSE	PP		121	20	1	36	6	1 0.8333333 0.82897866
558	FALSE	PP		271	45	1	100	15	1 0.46666667 0.3944617
561	TRUE	QA		125	22	1	36	6	1 0.6666667 0.57183605
562	TRUE	QA		191	29	1	55	9	1 0.8888889 0.8726223
563	FALSE	QA		223	35	1	46	8	1 0.25 0.20190689
564	FALSE	QA		136	23	1	35	6	1 0.8333333 0.78683716
565	TRUE	QA		163	27	1	48	9	1 0.6666667 0.7013935
566	FALSE	QA		176	25	1	57	9	1 0.22222222 0.24197534
567	TRUE	QA		151	23	1	48	7	1 0.71428573 0.6830856
568	TRUE	QA		160	23	1	44	5	1 0.8 0.8000909
569	TRUE	QA		146	24	1	52	8	1 0.75 0.7084726
570	TRUE	QA		224	39	1	61	11	1 0.54545456 0.52129614
571	FALSE	QA		146	27	1	37	7	1 0.5714286 0.56397074
572	FALSE	QA		173	27	1	49	7	1 0.5714286 0.4878761
573	TRUE	QA		157	31	1	85	11	1 0.27272728 0.1911612
574	TRUE	QA		157	26	1	81	15	1 0.64285713 0.61702704
575	TRUE	QA		242	39	1	44	7	1 0.71428573 0.63488686
577	TRUE	QA		115	20	1	32	7	1 0.71428573 0.6648546
578	TRUE	QA		225	35	1	71	10	1 0.7777778 0.7401887
579	TRUE	QA		163	26	1	30	5	1 0.8 0.7872152
580	TRUE	QA		213	28	1	60	8	1 0.5 0.490508
581	TRUE	QA		168	27	1	62	11	1 0.5 0.49783847
582	TRUE	QA		311	50	1	30	6	1 0.5 0.48960578
583	FALSE	QA		182	28	1	34	6	1 0.33333334 0.2307294
585	TRUE	QA		164	26	1	51	7	1 0.85714287 0.84563756
586	TRUE	QA		240	41	1	48	8	1 0.875 0.8701636
587	TRUE	QA		246	37	1	51	9	1 0.75 0.70792186
589	TRUE	QA		117	19	1	53	7	1 0.5714286 0.5837268
590	TRUE	QA		229	35	1	49	10	1 0.6 0.5996636
591	TRUE	QA		280	47	1	57	9	1 0.7777778 0.72808605
592	TRUE	QA		258	39	1	52	8	1 0.625 0.5787709
593	TRUE	QA		180	26	1	39	5	1 0.8 0.79998744
594	TRUE	QA		158	26	1	41	7	1 0.5714286 0.5115225
601	FALSE	QA		300	45	1	67	11	1 0.5 0.39163265
602	FALSE	QA		144	23	1	33	4	1 0.75 0.7500509
603	FALSE	QA		139	24	1	54	9	1 0.5555556 0.5121044
606	FALSE	QA		171	24	1	47	7	1 0.71428573 0.64005136
609	FALSE	QA		120	20	1	51	10	1 0.5 0.41803572
611	FALSE	QA		160	21	1	51	8	1 0.625 0.5765868
613	FALSE	QA		192	31	1	69	12	1 0.41666666 0.3871601
614	FALSE	QA		171	23	1	35	6	1 0.5 0.4853346
616	FALSE	QA		225	40	1	45	8	1 0.5 0.4027722
619	FALSE	QA		189	30	1	42	7	1 0.42857143 0.27765217
620	FALSE	QA		55	9	1	43	7	1 0.14285715 0.18024607
623	FALSE	QA		173	26	1	41	7	1 0.85714287 0.8395765
625	FALSE	QA		247	40	1	40	7	1 0.5714286 0.46459094
626	FALSE	QA		281	44	1	45	9	1 0.5714286 0.58331335
627	FALSE	QA		188	29	1	59	12	1 0.8888889 0.86369103
629	FALSE	QA		248	39	1	77	11	1 0.54545456 0.4631359
632	FALSE	QA		175	29	1	24	5	1 0.6 0.591823
639	FALSE	QA		220	37	1	57	7	1 0.14285715 5.020471e-6
641	FALSE	QA		145	22	1	37	7	1 0.2857143 0.18270193
667	TRUE	CD		114	15	1	103	15	1 0.53846157 0.51623684
668	TRUE	CD		189	35	1	30	7	1 0.71428573 0.7448951
670	FALSE	CD		189	35	1	68	15	1 0.5833333 0.5425062
671	TRUE	CD		168	24	1	47	7	1 0.6666667 0.58803546
673	TRUE	CD		137	22	1	68	12	1 1.0 1.0
674	TRUE	CD		142	23	1	69	13	1 0.6666667 0.6165963
675	TRUE	CD		46	7	1	50	8	1 0.75 0.72887456
677	FALSE	CD		78	13	1	82	14	1 0.5833333 0.5928718
684	FALSE	CD		114	20	1	52	7	1 0.42857143 0.33447984
686	FALSE	CD		102	19	1	154	22	1 0.2 0.1236174
695	FALSE	CD		123	22	1	121	24	1 0.5 0.4834468
698	FALSE	CD		59	9	1	142	23	1 0.22222222 0.16746686
700	FALSE	CD		186	28	1	52	9	1 0.22222222 0.06702905
707	FALSE	CD		122	22	1	95	16	1 0.23076923 0.13250843
709	FALSE	CD		126	19	1	174	26	1 0.2 0.19752474
712	FALSE	CD		175	31	1	70	11	1 0.6 0.5425179
717	FALSE	CD		134	24	1	35	7	1 0.5714286 0.50439596
718	FALSE	CD		134	24	1	47	10	1 0.44444445 0.32949376
720	FALSE	CD		134	24	1	66	11	1 0.45454547 0.4479604
762	TRUE	CD		99	15	1	87	13	1 0.9230769 0.9115014
763	TRUE	CD		109	16	1	99	15	1 0.53333336 0.5133745
764	TRUE	CD		62	9	1	37	5	1 0.6 0.64933735
765	TRUE	CD		74	13	1	37	5	1 0.6 0.6474441
766	TRUE	CD		56	10	1	52	9	1 0.8888889 0.8763875
767	TRUE	CD		83	14	1	53	10	1 0.5 0.5014854
768	FALSE	CD		56	10	1	52	9	1 0.7777778 0.7507604
769	TRUE	CD		125	23	1	105	19	1 0.6666667 0.6192556
770	TRUE	CD		148	22	1	60	7	1 0.85714287 0.8481971
771	FALSE	CD		116	20	1	110	19	1 0.7222222 0.71101755
772	TRUE	CD		122	23	1	82	13	1 0.46153846 0.48056033
775	TRUE	CD		119	21	1	114	20	1 0.2777778 0.20071575
778	TRUE	CD		64	11	1	24	4	1 0.5 0.50000894
779	FALSE	CD		224	36	1	93	19	1 0.42105263 0.38153085
781	TRUE	CD		73	12	1	65	12	1 0.8181818 0.8107653
783	TRUE	CD		109	17	1	56	8	1 0.75 0.73308426
785	TRUE	CD		118	23	1	115	23	1 0.9444444 0.93651634
786	TRUE	CD		155	20	1	113	15	1 1.0 1.0
787	TRUE	CD		107	18	1	115	19	1 0.8333333 0.81919867
790	FALSE	CD		117	19	1	93	16	1 0.3125 0.30520114
791	FALSE	CD		111	16	1	112	19	1 0.5555556 0.49227628
793	TRUE	CD		103	17	1	105	17	1 0.625 0.62016004
794	TRUE	CD		120	20	1	57	9	1 0.6666667 0.6664622
795	TRUE	CD		71	12	1	72	12	1 0.9166667 0.89920366
799	FALSE	CD		80	10	1	64	8	1 0.375 0.40522447
800	TRUE	CD		137	22	1	53	6	1 0.5 0.49549758
801	FALSE	CD		67	12	1	46	9	1 0.44444445 0.51965827
805	FALSE	CD		93	15	1	94	15	1 0.93333334 0.9252227
811	FALSE	CD		108	20	1	83	16	1 0.8 0.78659064
812	FALSE	CD		145	26	1	132	25	1 0.6363636 0.63496006
814	FALSE	CD		85	16	1	89	17	1 0.4117647 0.4256686
941	TRUE	IE		137	23	1	37	8	1 0.75 0.76042956
942	FALSE	IE		137	23	1	55	8	1 0.75 0.6975666
943	TRUE	IE		272	43	1	44	8	1 0.75 0.67737645
945	TRUE	IE		50	9	1	28	4	1 0.75 0.7146418
946	FALSE	IE		124	17	1	23	4	1 0.75 0.7463033
947	TRUE	IE		168	22	1	21	3	1 0.33333334 0.33313927
948	FALSE	IE		154	21	1	41	4	1 0.75 0.7497816
949	FALSE	IE		137	22	1	44	7	1 0.85714287 0.854991
950	TRUE	IE		137	22	1	45	8	1 0.875 0.87335306
951	TRUE	IE		232	35	1	54	9	1 0.6666667 0.6521115
952	FALSE	IE		326	48	1	100	13	1 0.9230769 0.91204584
953	TRUE	IE		123	20	1	30	5	1 0.4 0.4002769
954	FALSE	IE		94	14	1	51	8	1 0.625 0.6447534
955	TRUE	IE		80	12	1	40	5	1 0.8 0.80004805
956	FALSE	IE		80	12	1	35	4	1 0.75 0.7500697
957	FALSE	IE		123	19	1	49	7	1 0.85714287 0.85686374
969	FALSE	PP		120	20	1	68	11	1 0.90909094 0.8963627
970	FALSE	PP		191	31	1	34	4	1 0.75 0.74994195
971	FALSE	PP		82	14	1	32	5	1 0.8 0.8000973
972	FALSE	PP		146	25	1	50	7	1 0.85714287 0.8490328
