pair entails type len text.letters text.words text.sentences hyp.letters hyp.words hyp.sentences bag-of-words bag-of-words-by-freq
24	TRUE	IR		150	25	1	57	8	1 0.25 0.25819138
34	FALSE	PP		154	27	1	32	7	1 0.42857143 0.3944813
36	TRUE	IR		105	15	1	50	6	1 0.33333334 0.33319908
72	FALSE	IR		183	27	1	47	6	1 0.8333333 0.8221727
100	TRUE	IR		142	25	1	29	5	1 0.6 0.57315755
102	TRUE	IR		95	18	1	40	7	1 0.5714286 0.54648477
105	TRUE	IR		210	35	1	30	4	1 1.0 1.0
112	FALSE	IR		257	38	1	37	7	1 0.5714286 0.58501273
128	TRUE	IR		53	9	1	27	3	1 0.0 0.0
137	TRUE	IR		123	20	1	37	7	1 1.0 1.0
172	TRUE	RC		108	17	1	62	9	1 0.6666667 0.6108395
179	FALSE	RC		104	17	1	36	6	1 0.16666667 5.8618366e-6
180	TRUE	RC		135	20	1	54	8	1 0.625 0.5729171
182	TRUE	RC		226	37	1	63	10	1 0.8 0.7853447
191	TRUE	RC		177	32	1	46	7	1 0.71428573 0.698352
194	FALSE	RC		228	34	1	44	5	1 0.6 0.6030395
198	FALSE	RC		237	38	1	51	8	1 0.375 0.39402995
238	TRUE	RC		191	36	1	38	6	1 0.33333334 0.30548507
242	TRUE	RC		123	20	1	86	14	1 0.8333333 0.8086334
245	TRUE	RC		119	23	1	53	9	1 0.5555556 0.54140246
256	TRUE	IR		220	35	1	50	9	1 0.5555556 0.55993503
258	FALSE	IR		253	42	1	88	12	1 0.36363637 0.30908296
260	TRUE	IR		221	31	1	50	8	1 0.375 0.35872427
262	TRUE	IR		359	59	1	76	13	1 0.7692308 0.73665833
279	FALSE	IR		158	26	1	74	12	1 0.8333333 0.8499298
286	FALSE	IR		89	15	1	62	10	1 0.6 0.59810704
331	FALSE	RC		168	26	1	90	14	1 0.64285713 0.61072916
345	TRUE	RC		174	30	1	74	13	1 0.15384616 0.15961452
346	FALSE	RC		215	36	1	93	15	1 0.6 0.5633641
347	TRUE	RC		74	12	1	44	9	1 0.44444445 0.33997422
348	FALSE	RC		135	21	1	70	8	1 0.625 0.6191783
349	FALSE	RC		135	21	1	79	13	1 0.84615386 0.8332012
595	TRUE	QA		290	47	1	45	9	1 0.7777778 0.7982513
598	TRUE	QA		141	24	1	52	9	1 0.6666667 0.5990011
600	TRUE	QA		262	43	1	48	8	1 0.875 0.8745394
617	TRUE	QA		154	25	1	38	7	1 0.71428573 0.6772642
622	TRUE	QA		197	32	1	43	8	1 0.375 0.26990333
628	TRUE	QA		202	37	1	36	6	1 0.5 0.41293252
636	TRUE	QA		314	52	1	28	6	1 1.0 1.0
637	TRUE	QA		215	38	1	66	12	1 0.5 0.4189636
642	TRUE	QA		298	51	1	34	6	1 0.6666667 0.59567714
643	TRUE	QA		212	31	1	28	5	1 0.6 0.6246476
647	TRUE	QA		188	21	1	82	10	1 0.7777778 0.7366215
648	TRUE	QA		120	19	1	37	6	1 0.5 0.51180315
663	TRUE	QA		146	19	1	66	7	1 0.71428573 0.74388474
678	TRUE	CD		145	26	1	104	21	1 0.9285714 0.9188908
693	TRUE	CD		109	17	1	70	13	1 0.36363637 0.33043775
699	TRUE	CD		92	12	1	109	12	1 0.7 0.6612413
702	TRUE	CD		241	38	1	68	12	1 0.9 0.8778928
713	TRUE	CD		79	17	1	37	7	1 1.0 1.0
719	TRUE	CD		131	22	1	73	11	1 0.6 0.5437602
723	FALSE	CD		60	11	1	58	9	1 0.5555556 0.48065633
733	TRUE	CD		267	45	1	55	11	1 1.0 1.0
735	TRUE	CD		107	14	1	85	12	1 0.33333334 0.2586752
750	TRUE	CD		271	42	1	89	13	1 0.7692308 0.7444945
802	TRUE	CD		116	20	1	91	16	1 0.5 0.49925444
803	TRUE	CD		81	10	1	68	9	1 0.5555556 0.5794006
804	TRUE	CD		66	12	1	56	10	1 1.0 1.0
806	TRUE	CD		188	26	1	126	22	1 0.61904764 0.5951455
809	TRUE	CD		99	15	1	38	6	1 1.0 1.0
810	TRUE	CD		78	13	1	81	12	1 0.72727275 0.7095456
816	TRUE	CD		113	22	1	102	17	1 0.47058824 0.39563403
818	TRUE	CD		225	37	1	144	22	1 0.4090909 0.3771369
819	TRUE	CD		87	13	1	71	11	1 0.27272728 0.31899774
820	TRUE	CD		89	11	1	72	10	1 0.6 0.59076506
823	TRUE	CD		105	19	1	105	17	1 0.64705884 0.6154933
826	TRUE	CD		59	11	1	60	11	1 0.9 0.89452016
827	TRUE	CD		64	9	1	63	8	1 0.85714287 0.8541015
829	TRUE	CD		83	14	1	64	11	1 0.36363637 0.37019786
908	FALSE	RC		67	10	1	48	7	1 1.0 1.0
912	TRUE	RC		189	31	1	36	6	1 0.6666667 0.67530745
916	FALSE	RC		187	27	1	46	7	1 0.71428573 0.7130708
917	FALSE	RC		118	21	1	77	13	1 0.7692308 0.75006014
918	FALSE	RC		54	10	1	28	5	1 1.0 1.0
921	TRUE	RC		120	19	1	77	13	1 0.6666667 0.6240085
923	TRUE	RC		117	16	1	52	6	1 0.6666667 0.6893336
925	TRUE	RC		64	10	1	47	8	1 0.5714286 0.5781969
926	TRUE	RC		103	18	1	57	11	1 0.45454547 0.45040894
927	TRUE	RC		103	18	1	69	11	1 0.8181818 0.808263
928	FALSE	RC		90	14	1	68	10	1 0.6 0.5506798
930	TRUE	RC		215	30	1	60	10	1 0.8888889 0.8672413
944	FALSE	IE		137	23	1	51	10	1 0.7 0.65560174
973	TRUE	RC		210	36	1	60	9	1 1.0 1.0
975	TRUE	RC		187	28	1	24	3	1 0.6666667 0.6669161
976	TRUE	RC		147	20	1	47	7	1 0.85714287 0.8396018
980	FALSE	RC		209	30	1	37	6	1 0.5 0.46597233
984	TRUE	RC		150	24	1	27	6	1 0.5 0.43801945
988	TRUE	RC		143	22	1	69	13	1 0.9230769 0.91840816
991	TRUE	RC		147	21	1	37	6	1 0.5 0.46773276
992	FALSE	RC		147	21	1	41	5	1 0.2 0.28747335
1001	TRUE	RC		223	27	1	109	13	1 0.7692308 0.74333376
1002	TRUE	RC		223	27	1	108	12	1 0.9166667 0.90422875
1003	TRUE	RC		107	14	1	40	5	1 0.8 0.80020237
1005	TRUE	RC		148	23	1	34	6	1 0.8333333 0.84020454
1148	FALSE	MT		215	31	1	147	22	1 0.6315789 0.60484225
1149	FALSE	MT		164	23	1	115	18	1 0.5625 0.54514235
1150	FALSE	MT		261	38	1	113	16	1 0.8125 0.7851709
1152	TRUE	MT		187	32	1	104	18	1 0.875 0.85208654
1153	TRUE	MT		157	24	1	102	15	1 0.6923077 0.6673836
1155	FALSE	MT		214	29	1	115	20	1 0.64705884 0.61459553
1156	FALSE	MT		191	28	1	155	25	1 0.6363636 0.6008536
1158	TRUE	MT		248	35	1	26	6	1 0.6666667 0.6417462
1159	FALSE	MT		162	24	1	107	14	1 0.46153846 0.44894934
1160	FALSE	MT		130	21	1	76	12	1 0.33333334 0.34991458
1162	FALSE	MT		66	10	1	64	12	1 0.5 0.5136785
1164	TRUE	MT		302	40	1	67	10	1 0.2 0.11570867
1165	TRUE	MT		174	23	1	69	12	1 0.5 0.39530325
1172	TRUE	MT		316	46	1	120	17	1 0.625 0.5750022
1173	FALSE	MT		164	26	1	91	15	1 0.73333335 0.69320744
1177	FALSE	MT		195	26	1	69	9	1 0.5555556 0.52599406
1178	TRUE	MT		118	16	1	60	7	1 0.5714286 0.5785463
1179	TRUE	MT		133	21	1	76	13	1 0.8333333 0.7943836
1182	TRUE	MT		239	38	1	98	15	1 0.71428573 0.7029778
1186	FALSE	MT		170	27	1	99	17	1 0.53846157 0.46665743
1190	TRUE	MT		333	51	1	83	12	1 0.8181818 0.7792746
1191	FALSE	MT		287	43	1	165	25	1 0.42857143 0.34754184
1197	TRUE	MT		183	27	1	96	16	1 0.53846157 0.46704692
1199	TRUE	MT		197	31	1	109	17	1 0.4117647 0.3560658
1205	TRUE	MT		179	30	1	104	20	1 0.7222222 0.7070933
1207	TRUE	MT		278	42	1	149	22	1 0.61904764 0.56376165
1211	TRUE	MT		223	31	1	145	21	1 0.44444445 0.40935928
1215	TRUE	MT		244	42	1	106	16	1 0.73333335 0.7010215
1219	TRUE	MT		241	35	1	118	18	1 0.7777778 0.7513811
1226	TRUE	MT		174	28	1	66	13	1 0.75 0.7353876
1228	TRUE	MT		248	40	1	91	13	1 0.72727275 0.6833118
1230	TRUE	MT		101	17	1	74	13	1 0.53846157 0.5373596
1232	TRUE	MT		327	49	1	50	7	1 0.42857143 0.40864253
1244	TRUE	MT		300	46	1	139	21	1 0.6666667 0.63058555
1246	TRUE	MT		278	41	1	101	14	1 0.85714287 0.83781683
1429	TRUE	PP		142	25	1	40	7	1 0.2857143 0.29352632
1431	TRUE	PP		167	24	1	40	5	1 0.8 0.74974966
1433	TRUE	PP		112	19	1	110	19	1 0.9411765 0.9318948
1434	TRUE	PP		112	19	1	76	13	1 0.6666667 0.6444256
1435	TRUE	PP		63	12	1	64	12	1 0.75 0.77573
1436	TRUE	PP		63	12	1	59	12	1 0.8333333 0.835882
1437	TRUE	PP		85	16	1	50	9	1 0.8888889 0.85764694
1438	TRUE	PP		85	16	1	50	10	1 0.8 0.7566377
1439	TRUE	PP		103	16	1	111	17	1 0.71428573 0.7056934
1453	TRUE	QA		226	34	1	25	5	1 0.4 0.41658652
1454	TRUE	QA		150	23	1	41	8	1 0.5714286 0.46474373
1456	FALSE	QA		259	49	1	40	8	1 0.5 0.40725973
1467	FALSE	IE		241	40	1	42	8	1 0.625 0.5499483
1474	TRUE	QA		204	28	1	39	6	1 0.33333334 0.19985072
1486	TRUE	QA		221	38	1	41	8	1 0.75 0.7160455
1490	TRUE	QA		263	38	1	24	5	1 0.6 0.62618387
1493	TRUE	QA		211	32	1	50	7	1 0.5 0.5126854
1494	TRUE	QA		201	33	1	37	6	1 0.5 0.5404653
1599	TRUE	IE		104	16	1	52	9	1 0.5555556 0.5804538
1600	TRUE	IE		126	17	1	53	9	1 0.44444445 0.42190617
1601	FALSE	IE		114	18	1	48	9	1 0.5555556 0.57869196
1604	FALSE	IE		116	18	1	72	9	1 1.0 1.0
1605	TRUE	IE		107	18	1	44	8	1 0.875 0.86375993
1612	TRUE	IE		116	18	1	41	7	1 0.71428573 0.6949319
1614	TRUE	IE		85	14	1	44	8	1 0.625 0.661939
1619	TRUE	IE		156	24	1	37	6	1 1.0 1.0
1626	TRUE	IE		154	28	1	35	7	1 0.71428573 0.71614826
1631	TRUE	IE		124	17	1	35	6	1 0.5 0.5399161
1635	TRUE	IE		140	22	1	51	7	1 1.0 1.0
1636	TRUE	IE		118	19	1	29	4	1 0.6666667 0.66664284
1637	TRUE	IE		188	34	1	51	8	1 0.85714287 0.8534714
1638	TRUE	IE		268	46	1	46	7	1 0.85714287 0.8572301
1639	TRUE	IE		77	14	1	33	5	1 0.8 0.80008864
1652	TRUE	IE		49	9	1	34	6	1 0.8333333 0.81994015
1658	TRUE	IE		135	21	1	26	5	1 0.4 0.43950766
1659	TRUE	IE		186	36	1	54	10	1 0.8 0.7772669
1665	TRUE	IE		140	23	1	53	8	1 0.5 0.49293217
1806	FALSE	CD		178	26	1	106	16	1 0.1875 0.11901078
1902	FALSE	IE		67	13	1	32	6	1 0.8333333 0.8519398
1908	FALSE	IE		108	18	1	33	6	1 0.6666667 0.6166066
1910	FALSE	IE		108	18	1	56	9	1 0.875 0.8647066
1914	FALSE	IE		202	31	1	43	6	1 0.8333333 0.83327293
1917	TRUE	IE		213	32	1	70	9	1 0.7777778 0.7705045
1918	TRUE	IE		166	25	1	56	9	1 0.7777778 0.74151874
1926	FALSE	IE		154	25	1	43	8	1 0.625 0.6485821
1927	FALSE	IE		266	37	1	74	10	1 0.8 0.7712731
1929	TRUE	IE		222	36	1	33	5	1 0.8 0.786974
1930	TRUE	IE		212	29	1	37	6	1 0.6666667 0.63893795
1931	TRUE	IE		129	22	1	47	9	1 0.6666667 0.6548819
1933	FALSE	IE		202	31	1	80	13	1 0.84615386 0.83598447
1934	TRUE	IE		245	35	1	42	7	1 0.85714287 0.83956957
1935	FALSE	IE		245	35	1	40	6	1 0.8333333 0.80258423
1939	FALSE	IE		288	46	1	54	10	1 0.9 0.89167714
1946	FALSE	IE		152	23	1	16	3	1 0.6666667 0.66674775
1949	FALSE	IE		47	9	1	16	3	1 0.6666667 0.66674775
1950	FALSE	IE		104	18	1	16	3	1 0.6666667 0.66656023
1951	TRUE	IE		179	30	1	22	4	1 0.75 0.7501234
1953	FALSE	CD		100	16	1	122	16	1 0.26666668 0.20392273
1959	FALSE	PP		54	12	1	16	3	1 0.6666667 0.66699874
1965	FALSE	PP		207	34	1	61	11	1 0.8181818 0.8018095
1966	TRUE	PP		165	29	1	88	15	1 0.9230769 0.90371686
1970	FALSE	PP		74	11	1	30	4	1 0.75 0.66664124
1971	FALSE	PP		123	21	1	28	4	1 0.75 0.71466094
1972	TRUE	PP		131	20	1	75	11	1 0.90909094 0.89461714
1975	FALSE	PP		51	8	1	52	8	1 0.75 0.6925331
1976	FALSE	PP		75	9	1	77	9	1 0.7777778 0.7833087
1977	TRUE	PP		46	7	1	38	7	1 0.71428573 0.67471737
1985	FALSE	PP		77	13	1	43	6	1 0.8333333 0.8181374
1986	FALSE	PP		36	6	1	32	4	1 0.75 0.6664329
1989	FALSE	CD		118	22	1	94	16	1 0.5 0.42323187
1993	FALSE	PP		46	7	1	48	7	1 0.8333333 0.8420101
2001	FALSE	IE		99	14	1	58	9	1 0.6666667 0.6636625
2002	FALSE	IE		109	17	1	67	10	1 0.6 0.5813375
2004	FALSE	IE		85	16	1	25	4	1 0.75 0.72959
2007	FALSE	IE		207	34	1	83	12	1 0.8333333 0.80696464
2011	FALSE	IE		216	36	1	69	12	1 0.8181818 0.7900806
2013	TRUE	IE		162	27	1	36	7	1 0.71428573 0.73818856
2015	FALSE	IE		164	27	1	28	5	1 0.6 0.5922542
2044	FALSE	QA		74	11	1	61	9	1 1.0 1.0
2046	FALSE	QA		69	7	1	47	7	1 0.14285715 0.18664788
2050	FALSE	PP		61	9	1	61	9	1 0.8888889 0.88244426
2051	FALSE	PP		227	29	1	150	19	1 0.94736844 0.94515055
2057	FALSE	QA		118	20	1	62	9	1 0.8888889 0.85761786
2059	FALSE	QA		119	20	1	46	7	1 0.85714287 0.8457225
2060	FALSE	QA		208	35	1	60	7	1 0.71428573 0.729141
2061	FALSE	QA		131	23	1	43	7	1 0.85714287 0.81987935
2064	FALSE	QA		70	12	1	62	11	1 1.0 1.0
2065	FALSE	QA		58	10	1	51	9	1 1.0 1.0
2066	FALSE	QA		187	31	1	38	7	1 0.85714287 0.84575474
2067	FALSE	QA		281	42	1	76	12	1 0.90909094 0.9120686
2068	FALSE	QA		76	14	1	38	7	1 0.71428573 0.6524216
2069	FALSE	QA		124	20	1	44	7	1 0.85714287 0.8395872
2072	FALSE	QA		185	31	1	43	7	1 0.8333333 0.8243907
2075	FALSE	IE		67	13	1	31	6	1 0.6666667 0.6653376
2078	FALSE	QA		144	24	1	25	4	1 0.75 0.75653255
2080	FALSE	QA		78	16	1	25	5	1 1.0 1.0
2081	FALSE	QA		73	14	1	30	5	1 1.0 1.0
2083	FALSE	IE		87	13	1	34	5	1 1.0 1.0
2084	FALSE	QA		100	17	1	34	5	1 0.8 0.7807164
2085	FALSE	IE		98	15	1	39	6	1 1.0 1.0
2086	FALSE	QA		202	29	1	42	7	1 0.71428573 0.69187254
2089	FALSE	QA		105	19	1	61	10	1 0.8 0.8295183
2094	FALSE	MT		32	6	1	33	6	1 0.6666667 0.57557917
2095	FALSE	MT		66	10	1	84	14	1 0.53846157 0.5711243
2098	FALSE	MT		37	6	1	59	12	1 0.33333334 0.37664017
2099	FALSE	MT		59	12	1	37	6	1 0.5 0.4740283
2100	FALSE	MT		96	13	1	122	20	1 0.4117647 0.38933417
2101	FALSE	MT		48	9	1	54	9	1 0.6666667 0.6316842
2104	FALSE	MT		61	12	1	41	8	1 0.625 0.56902784
2105	FALSE	MT		212	32	1	230	41	1 0.4814815 0.45716384
2107	FALSE	MT		50	9	1	90	15	1 0.18181819 0.20803846
2110	FALSE	MT		111	16	1	91	12	1 0.25 0.2550781
2111	FALSE	MT		100	17	1	104	18	1 0.625 0.6240645
2115	FALSE	CD		104	18	1	108	17	1 0.23529412 0.2322034
2116	FALSE	CD		148	23	1	70	13	1 0.0 0.0
2118	FALSE	CD		103	16	1	58	11	1 0.18181819 0.10726139
2119	FALSE	CD		155	24	1	139	23	1 0.1904762 0.19332491
2120	FALSE	CD		32	6	1	68	11	1 0.27272728 0.31349775
2128	FALSE	RC		155	28	1	59	10	1 0.875 0.8362419
2131	FALSE	RC		160	28	1	39	8	1 0.875 0.8651457
2132	FALSE	RC		204	29	1	55	10	1 0.8 0.7729058
2137	FALSE	IR		34	4	1	32	4	1 0.75 0.75005096
2140	FALSE	IR		155	27	1	35	6	1 0.6666667 0.6437649
2141	FALSE	IR		49	9	1	42	7	1 1.0 1.0
2142	FALSE	IR		139	23	1	42	7	1 1.0 1.0
2143	FALSE	IR		107	20	1	42	7	1 1.0 1.0
2147	FALSE	CD		204	34	1	130	18	1 0.29411766 0.24375014
2154	FALSE	CD		79	14	1	35	6	1 0.6666667 0.57366216
2156	FALSE	CD		137	22	1	71	12	1 0.33333334 0.28534985
2158	FALSE	CD		238	34	1	168	27	1 0.29166666 0.26618883
2159	FALSE	CD		160	27	1	79	13	1 0.46153846 0.40786892
2160	FALSE	CD		127	16	1	79	12	1 0.083333336 0.05603086
2161	FALSE	CD		68	11	1	67	10	1 0.4 0.42150974
2164	FALSE	CD		81	16	1	72	11	1 0.27272728 0.27597556
2165	FALSE	CD		141	23	1	111	20	1 0.2777778 0.20539099
2166	FALSE	CD		106	15	1	113	14	1 0.14285715 0.08042061
2170	FALSE	CD		55	10	1	65	12	1 0.25 0.27048108
2172	FALSE	CD		146	24	1	116	21	1 0.33333334 0.26797864
2174	FALSE	CD		83	12	1	87	12	1 0.25 0.23442702
2177	FALSE	CD		108	16	1	44	6	1 0.0 0.0
2178	FALSE	CD		141	24	1	99	16	1 0.25 0.2659687
2180	FALSE	RC		138	23	1	50	8	1 0.625 0.6076768
2181	FALSE	RC		178	29	1	40	7	1 0.71428573 0.70088625
2182	FALSE	RC		178	29	1	66	11	1 1.0 1.0
2183	FALSE	RC		112	21	1	35	7	1 0.85714287 0.8384865
2184	FALSE	RC		154	25	1	83	12	1 0.9166667 0.9063234
2185	FALSE	RC		120	21	1	104	18	1 1.0 1.0
2186	FALSE	RC		238	32	1	75	9	1 1.0 1.0
2188	FALSE	RC		214	32	1	50	8	1 1.0 1.0
2189	FALSE	RC		228	37	1	53	10	1 0.71428573 0.65257025
2191	TRUE	CD		41	6	1	45	7	1 0.85714287 0.8549859
