pair entails type len text.letters text.words text.sentences hyp.letters hyp.words hyp.sentences bag-of-words bag-of-words-by-freq
1	NO	IR		195	30	1	66	7	1 0.14285715 0.14341417
2	YES	SUM		134	20	1	66	9	1 0.6666667 0.73897904
3	NO	IE		199	33	1	58	8	1 0.625 0.63583255
4	NO	IE		342	53	1	64	10	1 0.8 0.77749354
5	YES	SUM		155	28	1	57	12	1 0.5 0.4900443
6	YES	QA		159	24	1	55	9	1 0.8888889 0.8893069
7	NO	QA		214	33	1	43	7	1 0.71428573 0.6518068
8	NO	QA		219	35	1	95	13	1 0.8181818 0.80543715
9	YES	SUM		168	27	1	61	10	1 0.9 0.9148681
10	NO	QA		114	19	1	59	11	1 0.72727275 0.7264967
11	NO	IE		214	33	1	46	8	1 0.75 0.76049596
12	NO	IE		103	17	1	29	5	1 0.4 0.4615311
13	YES	IE		240	41	1	48	9	1 0.7777778 0.73581153
14	NO	IE		167	24	1	75	13	1 0.30769232 0.28791285
15	YES	IR		221	32	1	66	7	1 0.14285715 0.13977121
16	NO	IR		74	13	1	48	7	1 0.2857143 0.17122698
17	YES	QA		158	23	1	69	10	1 0.9 0.8929451
18	YES	IE		112	19	1	34	6	1 0.5 0.525855
19	NO	IR		175	23	1	66	7	1 0.2857143 0.2831854
20	NO	QA		142	22	1	38	5	1 0.4 0.4118964
21	YES	SUM		105	17	1	82	13	1 0.5 0.4846901
22	NO	SUM		123	20	1	79	11	1 0.6363636 0.608393
23	NO	IE		140	24	1	32	5	1 0.6 0.6168401
24	YES	IR		220	39	1	43	6	1 0.8333333 0.82235485
25	YES	IE		298	50	1	38	7	1 0.85714287 0.8447994
26	YES	SUM		119	22	1	102	18	1 0.6666667 0.617257
27	NO	QA		158	26	1	39	7	1 1.0 1.0
28	YES	SUM		135	27	1	45	9	1 0.75 0.77987653
29	NO	SUM		164	27	1	94	15	1 0.4 0.4047639
30	YES	IR		152	23	1	32	5	1 0.5 0.48140293
31	YES	IE		283	41	1	38	6	1 0.6666667 0.61723137
32	YES	QA		181	27	1	42	8	1 0.5 0.49212453
33	YES	IE		113	19	1	36	6	1 0.5 0.5268724
34	YES	IE		268	41	1	62	10	1 0.9 0.8788906
35	NO	IE		342	53	1	45	6	1 1.0 1.0
36	YES	QA		120	23	1	42	7	1 1.0 1.0
37	NO	SUM		224	35	1	82	12	1 0.75 0.729322
38	YES	QA		101	17	1	32	6	1 0.8333333 0.8537151
39	NO	SUM		163	24	1	93	15	1 0.53846157 0.50897783
40	YES	IR		173	29	1	39	6	1 0.33333334 0.28281567
41	NO	IE		126	19	1	27	4	1 0.5 0.5518604
42	NO	QA		218	38	1	53	10	1 0.7 0.68055975
43	YES	IR		160	30	1	28	6	1 0.6666667 0.57153183
44	NO	IE		298	50	1	54	10	1 0.9 0.879316
45	YES	QA		191	26	1	61	8	1 0.75 0.7500725
46	NO	IE		263	40	1	52	9	1 0.7777778 0.78974503
47	YES	IR		116	20	1	43	6	1 1.0 1.0
48	NO	QA		101	15	1	39	5	1 1.0 1.0
49	NO	QA		148	26	1	40	6	1 0.6666667 0.6340385
50	YES	QA		208	36	1	55	9	1 0.75 0.7283781
51	NO	QA		206	37	1	38	6	1 0.8333333 0.8055709
52	NO	QA		175	25	1	32	4	1 0.75 0.7565747
53	NO	IE		206	30	1	56	8	1 0.75 0.77052385
54	NO	IR		88	18	1	31	6	1 0.8333333 0.8223091
55	NO	SUM		136	22	1	75	12	1 0.6666667 0.67234266
56	NO	QA		89	18	1	53	10	1 0.7 0.66087836
57	NO	SUM		202	30	1	174	24	1 0.4 0.41293538
58	YES	IE		152	24	1	35	6	1 0.5 0.5115803
59	NO	QA		196	30	1	39	7	1 0.85714287 0.84980315
60	NO	IE		207	33	1	53	9	1 0.7777778 0.7605912
61	YES	IE		152	24	1	36	6	1 0.6666667 0.6836091
62	YES	IR		188	27	1	28	4	1 0.5 0.5198655
63	YES	IE		167	27	1	35	6	1 0.6666667 0.61611015
64	YES	SUM		110	19	1	36	7	1 0.85714287 0.8332924
65	YES	IR		68	11	1	31	4	1 0.5 0.51860446
66	NO	IR		175	26	1	31	4	1 0.25 0.25226143
67	NO	QA		72	13	1	51	10	1 0.6 0.6924711
68	YES	IR		144	24	1	33	5	1 1.0 1.0
69	NO	SUM		174	28	1	190	30	1 0.18518518 0.1430736
70	NO	IR		91	14	1	36	7	1 0.2857143 0.1788671
71	YES	QA		156	23	1	39	7	1 0.85714287 0.83922756
72	YES	IR		102	14	1	46	8	1 0.625 0.57659334
73	YES	SUM		124	22	1	91	16	1 0.625 0.65051275
74	NO	SUM		149	25	1	32	6	1 0.16666667 0.16991805
75	YES	IE		256	38	1	42	8	1 0.75 0.7062361
76	YES	IE		279	40	1	83	13	1 0.84615386 0.82891494
77	YES	SUM		218	35	1	43	8	1 0.625 0.59668934
78	YES	QA		173	29	1	36	5	1 0.6 0.5000375
79	YES	QA		153	25	1	37	6	1 0.33333334 0.46115544
80	YES	QA		157	26	1	40	7	1 0.85714287 0.84971744
81	YES	SUM		171	28	1	118	18	1 0.73333335 0.7039486
82	NO	SUM		131	21	1	147	26	1 0.32 0.28060114
83	NO	SUM		188	34	1	85	13	1 0.53846157 0.51465684
84	NO	QA		138	21	1	85	12	1 0.9 0.87764466
85	YES	IE		257	40	1	36	6	1 0.6666667 0.661499
86	YES	SUM		177	30	1	107	20	1 0.5555556 0.53287077
87	YES	IE		241	35	1	47	7	1 0.42857143 0.43256995
88	YES	SUM		152	29	1	49	8	1 0.875 0.8488934
89	NO	SUM		191	30	1	76	11	1 0.54545456 0.48969516
90	NO	IE		183	32	1	42	8	1 0.375 0.38373563
91	YES	IE		203	34	1	41	6	1 0.33333334 0.33440986
92	YES	SUM		221	33	1	69	11	1 0.6363636 0.5937444
93	YES	IE		156	26	1	48	9	1 0.75 0.69195235
94	YES	IR		128	20	1	31	4	1 0.25 0.25226143
95	NO	QA		82	14	1	56	9	1 0.6666667 0.62155586
96	YES	IR		117	22	1	39	6	1 0.33333334 0.28281567
97	YES	IE		117	21	1	48	9	1 0.5555556 0.68172
98	NO	QA		71	14	1	40	8	1 0.5 0.57670194
99	NO	IR		194	31	1	38	5	1 0.5 0.49932414
100	YES	QA		175	28	1	57	10	1 0.8 0.76154697
101	YES	QA		128	21	1	47	6	1 0.6666667 0.8237519
102	NO	IE		315	54	1	31	5	1 0.6 0.5819861
103	YES	IR		183	27	1	31	4	1 0.0 0.0
104	NO	QA		250	44	1	49	9	1 0.7777778 0.76794565
105	NO	QA		84	16	1	62	11	1 0.2 0.20029087
106	YES	IR		172	26	1	35	5	1 1.0 1.0
107	YES	IR		258	42	1	38	5	1 0.75 0.74988973
108	NO	IE		136	26	1	43	8	1 0.75 0.72852427
109	YES	SUM		176	24	1	129	17	1 0.8235294 0.8199043
110	NO	IR		139	22	1	31	6	1 0.6666667 0.61565226
111	NO	QA		132	23	1	33	7	1 0.85714287 0.8457309
112	YES	SUM		190	31	1	35	6	1 1.0 1.0
113	NO	SUM		152	23	1	109	17	1 0.5 0.47450894
114	NO	IR		88	14	1	46	8	1 0.5714286 0.54161996
115	YES	IR		147	24	1	48	8	1 0.75 0.7223935
116	YES	IR		66	11	1	43	6	1 0.6666667 0.6448011
117	NO	IR		171	32	1	85	14	1 0.46153846 0.40940955
118	YES	SUM		152	26	1	69	11	1 0.8181818 0.80835444
119	YES	QA		127	22	1	48	6	1 0.8333333 0.85302424
120	NO	IR		218	35	1	35	5	1 0.4 0.41206098
121	NO	IR		115	17	1	28	4	1 0.75 0.777545
122	NO	IR		60	11	1	31	6	1 0.5 0.5175842
123	YES	IE		166	22	1	83	13	1 0.6923077 0.72615874
124	YES	SUM		212	34	1	105	18	1 0.5555556 0.5699855
125	NO	QA		237	40	1	39	7	1 0.85714287 0.8507725
126	NO	SUM		171	25	1	46	8	1 0.5 0.510164
127	NO	IR		206	36	1	48	7	1 0.71428573 0.65761214
128	NO	SUM		202	34	1	171	26	1 0.625 0.5860707
129	YES	QA		72	10	1	63	7	1 0.5714286 0.56297445
130	YES	IR		233	37	1	45	6	1 0.5 0.48797205
131	NO	SUM		187	33	1	158	28	1 0.34615386 0.27345318
132	YES	IE		217	31	1	72	9	1 0.875 0.8568719
133	NO	SUM		217	32	1	122	15	1 0.53333336 0.5193214
134	NO	IE		102	15	1	40	8	1 0.5 0.58471
135	YES	IE		81	12	1	65	10	1 0.7 0.69457114
136	NO	QA		88	20	1	33	6	1 0.8333333 0.85168725
137	YES	IE		102	16	1	34	7	1 0.5714286 0.6174622
138	YES	IR		122	21	1	38	5	1 0.75 0.7491404
139	NO	SUM		153	32	1	72	13	1 0.6666667 0.6420361
140	NO	IR		223	36	1	56	7	1 0.0 0.0
141	NO	IR		153	25	1	42	6	1 0.4 0.50142163
142	NO	IE		152	24	1	44	8	1 0.5 0.51079834
143	YES	SUM		240	34	1	76	10	1 0.9 0.89550203
144	YES	IE		196	36	1	35	8	1 0.625 0.60003626
145	NO	QA		240	44	1	36	5	1 0.8 0.7942276
146	YES	IR		180	31	1	44	7	1 0.5714286 0.4851711
147	YES	QA		159	23	1	36	6	1 0.5 0.55960965
148	NO	IR		80	13	1	31	6	1 0.33333334 0.30992022
149	YES	IR		120	20	1	31	4	1 0.5 0.50437504
150	YES	IR		42	6	1	43	7	1 0.5714286 0.5853435
151	YES	QA		84	14	1	32	6	1 0.6666667 0.60416424
152	NO	QA		209	37	1	32	6	1 0.8333333 0.81191355
153	YES	QA		127	21	1	33	6	1 0.8333333 0.83955926
154	YES	SUM		204	35	1	82	14	1 0.42857143 0.3434948
155	YES	IR		150	23	1	34	5	1 0.6 0.6180502
156	NO	SUM		190	36	1	19	3	1 0.6666667 0.6664458
157	YES	IE		137	17	1	57	10	1 0.6 0.7197674
158	NO	IE		87	16	1	44	7	1 0.5714286 0.58943444
159	NO	SUM		144	24	1	40	7	1 0.42857143 0.43254527
160	NO	SUM		197	29	1	185	32	1 0.37037036 0.31745952
161	NO	IR		218	30	1	85	14	1 0.46153846 0.42475796
162	YES	QA		108	20	1	40	7	1 1.0 1.0
163	YES	QA		137	20	1	29	5	1 0.6 0.6875958
164	NO	IR		113	18	1	38	5	1 0.5 0.49932414
165	YES	SUM		200	33	1	71	11	1 0.7 0.6796445
166	YES	IE		190	26	1	33	6	1 0.5 0.5715992
167	NO	IE		342	53	1	42	6	1 0.6666667 0.6524027
168	NO	SUM		127	25	1	95	19	1 0.4117647 0.37644008
169	NO	QA		109	20	1	28	6	1 0.8333333 0.8313543
170	YES	SUM		158	26	1	67	11	1 0.7777778 0.7799213
171	NO	IE		132	20	1	54	8	1 0.5 0.5376687
172	NO	IE		137	17	1	60	9	1 0.6666667 0.69555444
173	NO	QA		224	40	1	62	12	1 1.0 1.0
174	YES	IE		153	26	1	28	5	1 0.8 0.79467887
175	NO	IE		328	49	1	36	7	1 0.5714286 0.5312909
176	YES	IR		164	30	1	46	8	1 0.71428573 0.64317274
177	YES	SUM		219	33	1	46	8	1 0.625 0.61690205
178	YES	IE		138	20	1	38	6	1 0.33333334 0.34044132
179	YES	IR		106	18	1	43	6	1 0.5 0.478261
180	NO	SUM		159	26	1	159	23	1 0.42857143 0.399439
181	NO	QA		220	36	1	66	14	1 0.6923077 0.6514587
182	YES	IE		216	35	1	44	7	1 0.85714287 0.8175099
183	NO	QA		140	22	1	35	6	1 1.0 1.0
184	YES	IR		217	32	1	46	8	1 0.875 0.85426784
185	YES	QA		92	14	1	27	4	1 0.75 0.75367475
186	NO	IE		71	11	1	38	5	1 0.4 0.4047302
187	NO	QA		287	45	1	35	6	1 0.8333333 0.8133971
188	NO	SUM		134	24	1	142	27	1 0.25 0.20793673
189	NO	SUM		164	26	1	161	24	1 0.33333334 0.32500765
190	YES	IR		131	19	1	28	4	1 0.5 0.5198655
191	NO	IR		141	19	1	46	8	1 0.71428573 0.63684386
192	YES	IR		104	15	1	47	7	1 0.42857143 0.43945393
193	NO	IR		120	19	1	56	7	1 0.14285715 0.14340468
194	NO	QA		294	42	1	60	9	1 0.8888889 0.87025195
195	NO	SUM		214	33	1	167	28	1 0.28 0.25207275
196	NO	IR		45	7	1	59	11	1 0.2 0.17811434
197	YES	IE		223	35	1	47	7	1 0.5714286 0.5636925
198	NO	IR		138	20	1	43	6	1 0.5 0.478261
199	YES	SUM		130	21	1	69	12	1 0.8181818 0.8166893
200	YES	IR		225	41	1	85	14	1 0.61538464 0.59906954
201	YES	SUM		179	28	1	145	22	1 0.8095238 0.79109555
202	YES	QA		186	34	1	27	5	1 0.8 0.8119419
203	YES	IR		177	28	1	46	8	1 0.625 0.59291226
204	NO	SUM		164	24	1	128	20	1 0.5 0.4826492
205	NO	IR		272	39	1	44	7	1 0.5714286 0.5235236
206	YES	IR		233	36	1	43	7	1 0.71428573 0.7485773
207	YES	IE		102	19	1	25	4	1 0.5 0.5177826
208	NO	IR		76	12	1	55	11	1 0.54545456 0.5579412
209	NO	QA		70	11	1	32	4	1 0.5 0.33336985
210	YES	IE		181	30	1	42	6	1 0.5 0.50678444
211	NO	SUM		171	25	1	47	8	1 0.625 0.57311624
212	YES	QA		178	27	1	55	7	1 0.85714287 0.8538309
213	NO	IE		213	38	1	37	7	1 0.5714286 0.5711248
214	YES	IE		131	19	1	43	8	1 0.5 0.48974037
215	NO	IE		167	28	1	79	14	1 0.9230769 0.9097879
216	YES	QA		34	6	1	27	5	1 0.8 0.78045917
217	YES	SUM		97	16	1	53	7	1 1.0 1.0
218	YES	IE		158	29	1	36	6	1 0.8333333 0.8176023
219	YES	IR		98	18	1	28	4	1 0.5 0.5175918
220	YES	IE		133	19	1	46	7	1 0.71428573 0.7223413
221	NO	QA		132	23	1	35	5	1 0.4 0.45868227
222	NO	IE		150	20	1	46	6	1 0.16666667 0.17554486
223	NO	IE		168	33	1	21	3	1 0.33333334 0.33346838
224	YES	SUM		189	31	1	53	9	1 0.875 0.86041313
225	NO	IE		376	67	1	43	9	1 0.625 0.55561715
226	NO	IR		192	33	1	58	8	1 0.85714287 0.8427657
227	NO	IE		109	17	1	33	5	1 0.4 0.41799957
228	NO	IR		95	14	1	43	6	1 0.16666667 0.123496324
229	NO	IE		329	49	1	35	6	1 1.0 1.0
230	NO	QA		146	26	1	32	6	1 1.0 1.0
231	YES	IE		219	38	1	51	9	1 0.6666667 0.70734924
232	NO	IE		130	23	1	30	6	1 0.6666667 0.57201964
233	NO	SUM		130	21	1	123	21	1 0.61904764 0.6148541
234	YES	QA		147	25	1	82	13	1 0.75 0.7209849
235	YES	IR		172	29	1	39	6	1 0.16666667 0.18790156
236	NO	IR		104	17	1	72	12	1 0.41666666 0.4131565
237	NO	IR		178	28	1	55	11	1 0.27272728 0.24902016
238	YES	QA		194	31	1	60	8	1 0.71428573 0.66639787
239	YES	IE		176	32	1	57	10	1 0.7 0.7136414
240	YES	IE		257	41	1	32	5	1 0.8 0.7992515
241	NO	SUM		200	28	1	77	13	1 0.46153846 0.443956
242	NO	SUM		177	27	1	172	27	1 0.34615386 0.28464776
243	NO	IR		165	30	1	85	14	1 0.46153846 0.40413755
244	YES	IE		192	29	1	45	7	1 0.5714286 0.5458464
245	NO	IR		233	32	1	38	5	1 0.5 0.5014252
246	NO	QA		170	28	1	52	8	1 0.85714287 0.83943796
247	NO	IE		179	30	1	38	6	1 0.33333334 0.34124464
248	NO	IR		149	22	1	48	7	1 0.42857143 0.34246618
249	NO	QA		67	15	1	48	10	1 0.7777778 0.73657644
250	NO	IR		147	25	1	42	6	1 0.4 0.25086498
251	YES	IR		121	17	1	66	7	1 0.42857143 0.4300908
252	YES	SUM		98	18	1	71	12	1 0.8181818 0.79880846
253	NO	SUM		157	23	1	93	14	1 0.35714287 0.28761634
254	NO	QA		164	25	1	40	8	1 0.875 0.8574617
255	NO	IR		173	28	1	47	7	1 0.71428573 0.7233651
256	NO	SUM		132	20	1	102	19	1 0.4117647 0.3637373
257	NO	SUM		144	21	1	38	6	1 0.5 0.50519806
258	YES	IE		182	27	1	50	7	1 0.2857143 0.25349507
259	NO	IE		127	19	1	35	5	1 1.0 1.0
260	NO	QA		100	18	1	44	9	1 0.5555556 0.5457515
261	NO	SUM		150	27	1	120	19	1 0.3888889 0.33554763
262	YES	IE		148	24	1	54	8	1 0.625 0.6610843
263	NO	IR		254	40	1	36	7	1 0.71428573 0.6407424
264	YES	IR		105	16	1	39	6	1 0.16666667 0.18790156
265	NO	SUM		189	31	1	151	25	1 0.5652174 0.52781314
266	NO	IE		160	21	1	59	8	1 0.625 0.62431103
267	YES	SUM		201	29	1	81	10	1 0.9 0.90036786
268	NO	IE		79	15	1	37	7	1 0.5714286 0.5186978
269	NO	SUM		147	27	1	98	15	1 0.21428572 0.12516528
270	YES	QA		133	20	1	38	6	1 0.8333333 0.9057997
271	YES	IR		152	30	1	55	11	1 0.54545456 0.51586586
272	NO	IE		179	29	1	48	8	1 0.5714286 0.60010624
273	NO	QA		195	32	1	46	8	1 0.625 0.6225452
274	YES	IR		309	50	1	54	10	1 0.5 0.38700682
275	YES	IR		257	43	1	72	12	1 0.25 0.22794224
276	NO	IE		211	29	1	71	11	1 0.8 0.77742845
277	YES	QA		49	9	1	49	9	1 1.0 1.0
278	NO	SUM		154	23	1	66	11	1 0.45454547 0.48662883
279	YES	SUM		160	24	1	81	15	1 0.6666667 0.6440415
280	YES	SUM		217	33	1	89	14	1 0.71428573 0.6799935
281	YES	SUM		178	24	1	42	6	1 0.8333333 0.8235537
282	YES	IR		236	36	1	32	5	1 0.4 0.39800003
283	NO	QA		158	22	1	36	5	1 0.8 0.8055524
284	YES	QA		152	24	1	44	7	1 0.71428573 0.6991052
285	YES	IE		94	16	1	41	6	1 0.6666667 0.5905333
286	NO	SUM		233	39	1	130	23	1 0.27272728 0.23908542
287	NO	IR		143	23	1	32	5	1 0.5 0.4811879
288	YES	QA		170	27	1	33	6	1 0.8333333 0.8537151
289	NO	IE		256	38	1	52	7	1 0.71428573 0.7137178
290	YES	IE		140	22	1	51	8	1 0.75 0.7279576
291	YES	IR		154	22	1	35	5	1 0.6 0.6180502
292	NO	SUM		232	35	1	122	20	1 0.47368422 0.48027816
293	YES	IR		163	27	1	55	11	1 0.18181819 0.19880614
294	YES	IE		342	53	1	33	6	1 0.6666667 0.6166551
295	YES	SUM		106	18	1	92	16	1 0.8 0.7769908
296	NO	SUM		105	21	1	75	15	1 0.64285713 0.6085644
297	YES	IR		168	28	1	72	12	1 0.5 0.45825198
298	NO	IR		96	12	1	50	6	1 0.16666667 0.18250348
299	NO	IE		140	24	1	27	5	1 0.6 0.6487992
300	NO	QA		163	30	1	28	5	1 1.0 1.0
301	YES	QA		76	15	1	30	5	1 0.8 0.81194013
302	YES	QA		115	17	1	52	9	1 0.8888889 0.8672884
303	NO	IR		207	34	1	54	10	1 0.5 0.3867949
304	YES	IR		156	27	1	85	14	1 0.84615386 0.8256722
305	NO	IR		163	24	1	56	8	1 0.5 0.4693127
306	NO	SUM		146	24	1	81	12	1 0.41666666 0.40337807
307	YES	IR		77	14	1	28	6	1 0.33333334 0.4607197
308	YES	IE		142	23	1	42	7	1 0.5714286 0.5536056
309	YES	SUM		95	17	1	58	10	1 0.7777778 0.7398099
310	NO	IR		426	72	1	55	11	1 0.90909094 0.90053153
311	YES	QA		147	26	1	22	5	1 1.0 1.0
312	YES	QA		168	28	1	39	5	1 0.8 0.79422635
313	NO	QA		130	21	1	42	7	1 0.71428573 0.70221955
314	NO	QA		110	22	1	28	5	1 0.6 0.5922116
315	NO	IE		234	38	1	42	8	1 0.5 0.5637215
316	NO	SUM		167	28	1	142	24	1 0.3181818 0.28601366
317	NO	SUM		162	26	1	64	12	1 0.6363636 0.6487538
318	YES	QA		53	10	1	45	9	1 0.75 0.74258775
319	YES	SUM		164	24	1	90	16	1 0.4 0.3650011
320	NO	SUM		198	29	1	157	25	1 0.41666666 0.36555392
321	NO	QA		138	24	1	24	5	1 0.8 0.82352144
322	YES	IR		76	13	1	59	11	1 0.2 0.1780903
323	NO	SUM		159	27	1	77	11	1 0.72727275 0.68762374
324	NO	IE		276	38	1	56	9	1 0.7777778 0.74671894
325	NO	QA		125	21	1	51	10	1 0.5 0.46036035
326	NO	SUM		99	18	1	78	12	1 0.16666667 0.09249578
327	YES	IR		206	36	1	32	5	1 0.6 0.59868675
328	YES	IR		195	35	1	47	8	1 0.5 0.4840502
329	YES	QA		166	25	1	64	14	1 0.6923077 0.6513082
330	NO	SUM		146	24	1	109	19	1 0.6666667 0.65502685
331	YES	QA		50	7	1	24	3	1 1.0 1.0
332	YES	IE		152	27	1	55	10	1 0.6666667 0.65424263
333	NO	QA		108	16	1	71	10	1 0.33333334 0.24479453
334	YES	QA		85	16	1	32	6	1 1.0 1.0
335	YES	QA		64	9	1	35	4	1 1.0 1.0
336	NO	QA		90	14	1	34	4	1 0.75 0.77794755
337	YES	SUM		127	23	1	118	23	1 0.73913044 0.78524905
338	YES	IE		234	37	1	47	7	1 0.5714286 0.49438822
339	NO	SUM		163	24	1	107	17	1 0.3125 0.266609
340	YES	SUM		97	17	1	74	14	1 0.6923077 0.6692814
341	YES	SUM		156	24	1	75	11	1 0.90909094 0.9041311
342	YES	QA		173	30	1	33	6	1 0.6666667 0.6827718
343	NO	IE		168	28	1	38	6	1 0.5 0.5014272
344	NO	QA		182	29	1	18	4	1 0.25 0.22506897
345	NO	IE		126	20	1	30	5	1 0.6 0.61694396
346	YES	IR		71	12	1	32	5	1 0.4 0.39800003
347	YES	SUM		161	27	1	118	17	1 0.5294118 0.5074626
348	NO	SUM		163	28	1	141	20	1 0.15 0.11209196
349	NO	IE		123	19	1	43	9	1 0.33333334 0.2769666
350	YES	QA		230	40	1	52	8	1 0.75 0.7161988
351	NO	IR		109	15	1	56	8	1 0.375 0.335504
352	NO	IR		204	31	1	43	6	1 0.33333334 0.3011415
353	NO	IE		204	32	1	57	9	1 0.7777778 0.7830145
354	YES	IR		128	23	1	46	8	1 0.5714286 0.45838
355	YES	IR		117	16	1	36	7	1 0.42857143 0.5404913
356	YES	SUM		154	26	1	64	9	1 0.5555556 0.50639206
357	YES	SUM		183	31	1	40	7	1 0.71428573 0.6445858
358	YES	IE		150	20	1	61	8	1 0.75 0.70724535
359	YES	SUM		174	28	1	77	12	1 0.9166667 0.900101
360	NO	IE		185	32	1	52	8	1 0.625 0.70564437
361	YES	QA		127	20	1	57	9	1 0.875 0.86490196
362	YES	IR		106	16	1	32	5	1 0.5 0.51860446
363	YES	IR		190	29	1	31	4	1 0.5 0.5044075
364	NO	IR		168	29	1	48	7	1 0.71428573 0.6587159
365	NO	QA		104	16	1	29	4	1 0.5 0.5184648
366	YES	SUM		151	25	1	79	14	1 0.5 0.49479157
367	YES	IR		341	47	1	31	4	1 0.25 0.25226143
368	NO	SUM		193	31	1	172	31	1 0.2857143 0.2600014
369	YES	IR		201	27	1	61	9	1 0.5 0.48065537
370	NO	IR		106	11	1	47	7	1 0.42857143 0.43956703
371	YES	IR		154	23	1	85	14	1 0.53846157 0.49071538
372	YES	IE		110	19	1	38	7	1 0.42857143 0.442163
373	NO	SUM		151	26	1	34	6	1 0.8333333 0.9124173
374	YES	SUM		113	17	1	55	9	1 0.5555556 0.5651264
375	NO	QA		80	14	1	39	8	1 0.75 0.7611849
376	YES	SUM		208	30	1	77	12	1 0.6363636 0.61302394
377	NO	SUM		179	30	1	79	12	1 0.27272728 0.28607637
378	YES	IE		84	12	1	48	7	1 0.5714286 0.59720826
379	YES	SUM		183	29	1	70	13	1 0.72727275 0.6793185
380	NO	IR		48	8	1	43	7	1 0.71428573 0.72826684
381	YES	QA		126	23	1	35	5	1 0.6 0.5947187
382	YES	SUM		191	33	1	77	12	1 0.8181818 0.780937
383	NO	IE		145	22	1	37	6	1 0.5 0.51026446
384	YES	IE		179	32	1	69	11	1 0.8181818 0.8062251
385	NO	IR		145	23	1	50	6	1 0.33333334 0.27004778
386	NO	IR		69	14	1	55	11	1 0.45454547 0.46348673
387	YES	QA		84	15	1	31	5	1 0.6 0.57344
388	YES	QA		86	12	1	57	7	1 1.0 1.0
389	YES	IE		144	23	1	66	10	1 1.0 1.0
390	NO	IR		134	23	1	36	7	1 0.5714286 0.46161148
391	NO	IR		154	26	1	54	10	1 0.2 0.18436095
392	YES	IE		192	31	1	43	8	1 0.71428573 0.713856
393	NO	QA		178	30	1	29	4	1 0.5 0.3329885
394	YES	SUM		154	33	1	58	9	1 0.44444445 0.4471468
395	NO	IR		178	28	1	48	7	1 0.5714286 0.5121758
396	NO	QA		91	17	1	50	10	1 0.6 0.6067755
397	YES	QA		184	30	1	33	6	1 1.0 1.0
398	YES	SUM		186	32	1	65	12	1 0.72727275 0.693704
399	NO	IR		180	25	1	31	4	1 0.5 0.50437504
400	NO	SUM		162	29	1	154	24	1 0.5217391 0.48957783
401	NO	QA		155	27	1	77	15	1 0.5 0.5010647
402	YES	IE		241	41	1	49	9	1 0.6666667 0.6988933
403	YES	IE		116	18	1	59	9	1 0.8888889 0.86081225
404	NO	IE		155	24	1	43	7	1 0.71428573 0.67160034
405	YES	QA		181	30	1	25	5	1 0.4 0.45765802
406	NO	QA		142	23	1	44	8	1 1.0 1.0
407	NO	QA		170	27	1	41	7	1 0.85714287 0.8690702
408	YES	IE		269	44	1	42	7	1 0.71428573 0.71559024
409	NO	IE		362	51	1	98	14	1 0.7692308 0.7480988
410	YES	IE		163	27	1	39	6	1 0.5 0.5187579
411	NO	IR		139	22	1	42	6	1 0.6 0.49932772
412	NO	QA		186	27	1	63	9	1 0.7777778 0.71651393
413	NO	QA		83	18	1	34	7	1 1.0 1.0
414	YES	IE		72	11	1	51	8	1 0.625 0.62191665
415	YES	IR		96	16	1	45	6	1 0.5 0.51249444
416	YES	IE		87	15	1	39	7	1 0.33333334 0.20960474
417	NO	QA		200	33	1	42	9	1 0.5 0.408842
418	NO	IE		121	19	1	49	7	1 0.71428573 0.8296446
419	YES	QA		160	23	1	87	11	1 1.0 1.0
420	YES	SUM		156	24	1	49	7	1 0.5714286 0.49810022
421	NO	QA		285	41	1	85	14	1 0.3846154 0.36230114
422	YES	IR		191	34	1	46	8	1 0.71428573 0.63683856
423	YES	IE		153	24	1	46	8	1 0.625 0.60283965
424	NO	SUM		232	32	1	202	30	1 0.22222222 0.16750039
425	YES	IE		146	24	1	35	7	1 0.42857143 0.4137018
426	NO	SUM		127	20	1	52	7	1 0.2857143 0.28583452
427	NO	IE		149	24	1	48	7	1 0.85714287 0.83295983
428	NO	IE		220	32	1	46	8	1 0.625 0.54753065
429	NO	IR		237	35	1	39	6	1 0.5 0.44373056
430	NO	IE		93	17	1	30	6	1 0.5 0.50990844
431	NO	IE		257	41	1	68	11	1 0.72727275 0.7328718
432	NO	SUM		81	14	1	76	14	1 0.6923077 0.62921953
433	YES	IE		182	31	1	45	8	1 0.5 0.6308344
434	YES	IE		113	17	1	46	8	1 0.625 0.6584931
435	NO	IE		117	17	1	41	7	1 0.5714286 0.51120853
436	YES	QA		111	20	1	36	6	1 0.6666667 0.6489391
437	NO	SUM		139	22	1	51	11	1 0.6363636 0.551314
438	NO	IE		308	44	1	38	7	1 0.71428573 0.7163542
439	NO	IE		237	39	1	55	10	1 0.5 0.4221262
440	YES	QA		82	13	1	41	7	1 0.85714287 0.8395683
441	YES	IE		186	26	1	40	7	1 0.5714286 0.5627293
442	YES	SUM		171	29	1	47	7	1 0.6666667 0.66583735
443	YES	QA		107	19	1	39	5	1 0.6 0.61729735
444	YES	SUM		154	26	1	59	11	1 0.8888889 0.8637739
445	YES	SUM		141	21	1	97	14	1 0.9285714 0.92151266
446	NO	SUM		143	23	1	112	19	1 0.3529412 0.35527542
447	NO	SUM		146	21	1	147	23	1 0.52380955 0.49349347
448	NO	SUM		117	21	1	43	8	1 0.375 0.3054302
449	YES	SUM		227	34	1	68	9	1 0.44444445 0.3987957
450	YES	QA		155	21	1	28	5	1 0.6 0.6585782
451	NO	IE		198	27	1	52	9	1 0.6666667 0.6830986
452	YES	SUM		193	30	1	104	17	1 0.625 0.6201453
453	YES	QA		88	15	1	29	5	1 0.8 0.8471579
454	NO	IR		95	13	1	43	5	1 0.6 0.5641913
455	NO	QA		329	56	1	65	11	1 0.27272728 0.24698918
456	NO	SUM		134	23	1	80	15	1 0.73333335 0.73688895
457	NO	QA		79	15	1	48	8	1 0.375 0.37987396
458	YES	SUM		119	21	1	43	8	1 0.625 0.595847
459	NO	QA		179	33	1	40	7	1 0.71428573 0.7013357
460	NO	QA		284	52	1	36	5	1 0.8 0.7502216
461	NO	IR		121	18	1	56	7	1 0.14285715 0.14340468
462	YES	IR		194	28	1	32	5	1 0.8 0.7993993
463	YES	QA		209	38	1	45	10	1 0.7777778 0.7680921
464	NO	IE		213	38	1	36	7	1 0.71428573 0.6252049
465	YES	IR		228	34	1	39	6	1 0.6666667 0.7246948
466	NO	IE		133	20	1	66	8	1 0.625 0.65490943
467	YES	IR		206	31	1	31	6	1 0.8333333 0.8223091
468	NO	QA		230	41	1	31	5	1 0.6 0.5744845
469	YES	QA		113	18	1	62	9	1 1.0 1.0
470	NO	SUM		202	30	1	113	16	1 0.3125 0.26067084
471	YES	IR		208	31	1	48	7	1 0.5714286 0.5121758
472	YES	QA		83	18	1	32	7	1 1.0 1.0
473	YES	QA		138	21	1	50	8	1 0.875 0.8474416
474	NO	SUM		190	29	1	140	24	1 0.22727273 0.18692684
475	YES	QA		200	33	1	46	9	1 0.5 0.408842
476	YES	SUM		135	23	1	63	10	1 0.4 0.37919918
477	YES	IE		154	24	1	53	7	1 0.42857143 0.44240016
478	NO	QA		177	29	1	34	5	1 0.6 0.604137
479	YES	SUM		178	24	1	125	19	1 0.6111111 0.5722354
480	NO	QA		114	21	1	41	7	1 0.85714287 0.83956915
481	YES	IE		254	42	1	53	10	1 0.7 0.70266986
482	NO	QA		183	29	1	49	8	1 0.5 0.49936983
483	NO	QA		56	12	1	44	9	1 0.44444445 0.44655102
484	YES	IE		220	32	1	47	8	1 0.625 0.5826596
485	NO	IE		141	21	1	37	5	1 0.6 0.4989504
486	YES	SUM		150	22	1	57	8	1 0.75 0.74570245
487	NO	IR		101	14	1	43	7	1 0.42857143 0.50092775
488	NO	IR		63	12	1	29	4	1 0.75 0.74084634
489	YES	IR		189	29	1	46	8	1 0.71428573 0.64317274
490	YES	QA		189	31	1	59	11	1 0.72727275 0.68645465
491	NO	IE		379	65	1	56	10	1 0.8 0.76770806
492	YES	IE		218	31	1	50	8	1 1.0 1.0
493	YES	IR		153	27	1	26	4	1 0.5 0.5056744
494	YES	SUM		133	20	1	78	11	1 0.8181818 0.85213023
495	YES	SUM		140	23	1	71	12	1 0.6363636 0.5825638
496	YES	QA		193	30	1	39	7	1 1.0 1.0
497	YES	IE		105	19	1	53	9	1 0.6666667 0.6143236
498	YES	IR		326	50	1	58	8	1 1.0 1.0
499	YES	IR		251	37	1	66	7	1 0.42857143 0.42662212
500	YES	IE		182	31	1	31	6	1 0.8333333 0.82968104
501	NO	SUM		160	23	1	165	22	1 0.23809524 0.231715
502	YES	SUM		177	24	1	67	10	1 0.8 0.8363064
503	YES	IR		59	9	1	28	6	1 0.33333334 0.46127105
504	NO	IE		167	27	1	54	10	1 0.5555556 0.6371585
505	NO	IR		184	27	1	43	5	1 0.6 0.56415075
506	YES	IE		196	30	1	61	10	1 0.7 0.69858617
507	YES	SUM		154	22	1	131	19	1 1.0 1.0
508	YES	IE		109	15	1	46	7	1 0.2857143 0.34254286
509	NO	SUM		107	20	1	54	11	1 0.6 0.52501696
510	NO	SUM		183	29	1	141	20	1 0.35 0.32161814
511	NO	QA		78	11	1	16	4	1 0.5 0.5941941
512	NO	IE		429	68	1	55	8	1 0.75 0.7610908
513	YES	IR		161	26	1	35	5	1 0.6 0.6180502
514	YES	IR		237	34	1	48	8	1 0.625 0.57664764
515	NO	IR		133	17	1	26	4	1 0.5 0.49432555
516	NO	IR		160	27	1	38	5	1 0.5 0.49932414
517	NO	IR		40	7	1	43	6	1 0.5 0.5213149
518	NO	QA		209	33	1	55	9	1 0.11111111 0.112449534
519	YES	SUM		173	27	1	88	13	1 0.9166667 0.8995444
520	NO	IR		171	33	1	55	11	1 0.36363637 0.31792548
521	NO	QA		225	39	1	51	6	1 1.0 1.0
522	YES	SUM		115	19	1	48	9	1 0.6666667 0.66036564
523	YES	IR		251	40	1	55	11	1 0.36363637 0.3170526
524	NO	QA		206	32	1	68	10	1 0.7777778 0.7368817
525	NO	IE		308	44	1	44	9	1 0.7777778 0.7849503
526	NO	QA		163	24	1	26	4	1 0.5 0.507814
527	NO	SUM		189	32	1	118	22	1 0.44444445 0.38362938
528	YES	IR		208	35	1	39	6	1 0.5 0.44373056
529	YES	SUM		167	24	1	90	12	1 0.5833333 0.58054835
530	NO	QA		237	40	1	48	8	1 0.5 0.43289393
531	NO	SUM		99	18	1	78	12	1 0.16666667 0.09249578
532	NO	QA		199	33	1	48	8	1 0.75 0.71248686
533	YES	SUM		186	32	1	23	5	1 1.0 1.0
534	NO	IE		171	30	1	39	7	1 0.6666667 0.6656516
535	YES	IE		156	24	1	36	4	1 0.5 0.5000393
536	YES	IR		112	15	1	38	5	1 0.5 0.49932414
537	YES	IE		163	30	1	52	8	1 0.75 0.69794554
538	NO	QA		99	19	1	25	5	1 0.8 0.7862857
539	NO	IR		130	16	1	61	9	1 0.375 0.39157248
540	NO	SUM		166	28	1	118	18	1 0.11111111 0.09902224
541	YES	IR		84	12	1	42	6	1 0.8 0.7494362
542	YES	IE		136	24	1	34	5	1 0.4 0.3882312
543	YES	SUM		156	23	1	98	17	1 0.6666667 0.61177796
544	NO	SUM		199	34	1	189	31	1 0.44827586 0.403179
545	NO	QA		130	24	1	61	10	1 0.6666667 0.62663555
546	NO	IE		96	13	1	37	6	1 0.5 0.46168795
547	YES	IE		237	39	1	33	5	1 0.6 0.61176956
548	YES	IE		131	19	1	49	8	1 0.5 0.52727854
549	YES	IE		121	19	1	55	8	1 0.625 0.6427177
550	YES	QA		163	28	1	36	5	1 0.6 0.50015724
551	YES	IR		86	14	1	46	8	1 0.42857143 0.3696885
552	YES	SUM		164	24	1	96	15	1 0.71428573 0.6917962
553	YES	QA		85	13	1	36	6	1 1.0 1.0
554	NO	IR		155	21	1	28	4	1 1.0 1.0
555	YES	IR		98	17	1	31	6	1 0.6666667 0.71798235
556	NO	IE		239	34	1	47	8	1 0.5 0.58479035
557	NO	IE		171	23	1	70	9	1 0.7777778 0.7763513
558	YES	QA		225	39	1	49	7	1 0.85714287 0.8421868
559	YES	QA		85	15	1	40	7	1 1.0 1.0
560	YES	SUM		173	29	1	37	8	1 0.8333333 0.77942634
561	NO	QA		170	26	1	50	6	1 0.33333334 0.34171435
562	YES	IE		182	29	1	38	6	1 0.5 0.4945344
563	NO	IR		110	20	1	31	6	1 0.6666667 0.71798235
564	YES	IR		136	21	1	31	4	1 0.25 0.25226143
565	NO	SUM		173	27	1	125	20	1 0.3888889 0.3765483
566	YES	QA		128	23	1	44	7	1 0.85714287 0.82255137
567	NO	IE		156	24	1	36	7	1 0.42857143 0.5136538
568	YES	QA		161	26	1	58	10	1 1.0 1.0
569	NO	IR		126	23	1	32	5	1 0.4 0.39800003
570	YES	IE		107	15	1	57	10	1 0.5 0.44938546
571	YES	IR		54	9	1	28	6	1 0.8333333 0.8023242
572	NO	IR		101	15	1	48	7	1 0.14285715 0.17122208
573	YES	IE		139	21	1	54	8	1 0.75 0.74105096
574	NO	SUM		199	34	1	140	21	1 0.36842105 0.32537103
575	YES	QA		101	15	1	36	5	1 1.0 1.0
576	NO	QA		66	12	1	60	10	1 0.7777778 0.75520825
577	NO	SUM		172	28	1	169	23	1 0.3478261 0.29214802
578	YES	QA		96	21	1	87	18	1 0.75 0.71860176
579	NO	SUM		189	30	1	143	22	1 0.44444445 0.37489092
580	NO	IE		238	41	1	72	13	1 0.8333333 0.82092345
581	NO	IE		262	42	1	43	8	1 0.75 0.7363686
582	YES	QA		88	13	1	56	9	1 0.8888889 0.8865897
583	NO	IR		233	38	1	26	4	1 0.5 0.49432555
584	YES	IR		78	14	1	47	8	1 0.625 0.6126101
585	YES	IR		139	22	1	43	7	1 0.5714286 0.56141746
586	NO	SUM		184	29	1	167	31	1 0.3448276 0.3365474
587	YES	IE		199	33	1	34	7	1 0.85714287 0.83064485
588	NO	IR		175	26	1	33	5	1 0.8 0.80292594
589	YES	IE		210	29	1	55	8	1 0.625 0.5801103
590	NO	IR		180	27	1	50	6	1 0.5 0.4525489
591	NO	IR		174	31	1	31	4	1 0.25 0.25226143
592	NO	IR		73	10	1	43	6	1 0.8333333 0.82235485
593	NO	IE		179	29	1	40	8	1 0.5714286 0.6001488
594	NO	IR		139	23	1	39	6	1 0.5 0.4707387
595	NO	SUM		132	23	1	69	11	1 0.5555556 0.51133364
596	NO	QA		245	39	1	51	7	1 0.85714287 0.8583608
597	YES	QA		179	33	1	49	10	1 0.9 0.88029665
598	NO	IE		117	20	1	29	5	1 0.6 0.66567266
599	NO	IR		120	21	1	54	10	1 0.6 0.5755205
600	NO	QA		162	29	1	40	7	1 0.71428573 0.6828287
601	NO	IR		124	21	1	31	6	1 0.6666667 0.71798235
602	NO	SUM		136	24	1	137	23	1 0.31578946 0.26571214
603	YES	IR		172	26	1	32	5	1 0.8 0.8236722
604	NO	IE		150	24	1	49	8	1 0.75 0.6844212
605	YES	QA		77	13	1	27	5	1 0.8 0.8842236
606	YES	SUM		196	28	1	61	10	1 0.6 0.5421103
607	YES	IR		191	31	1	43	6	1 1.0 1.0
608	NO	SUM		141	23	1	161	25	1 0.52 0.47767064
609	YES	SUM		170	33	1	121	23	1 0.59090906 0.5763784
610	NO	SUM		162	26	1	47	8	1 0.5 0.43672973
611	YES	QA		79	12	1	28	5	1 0.6 0.6879051
612	YES	SUM		134	22	1	48	9	1 1.0 1.0
613	YES	IE		157	26	1	30	6	1 0.6666667 0.6670888
614	YES	IR		154	18	1	61	9	1 0.375 0.4113918
615	YES	SUM		151	23	1	72	12	1 0.6666667 0.69545877
616	YES	SUM		190	32	1	93	15	1 0.6666667 0.62509006
617	YES	QA		152	23	1	52	9	1 0.8888889 0.8856774
618	YES	IE		154	22	1	38	6	1 0.8333333 0.78609735
619	YES	QA		69	12	1	44	7	1 1.0 1.0
620	YES	IE		199	27	1	73	12	1 0.90909094 0.9083178
621	NO	QA		140	27	1	57	10	1 0.6 0.5700871
622	YES	QA		139	20	1	33	6	1 0.6666667 0.63022476
623	NO	QA		229	33	1	36	7	1 0.85714287 0.84572417
624	NO	IR		149	23	1	31	4	1 0.25 0.25226143
625	NO	IE		133	23	1	23	3	1 0.6666667 0.66687953
626	YES	IE		229	40	1	46	8	1 0.85714287 0.85430294
627	NO	IE		219	36	1	50	10	1 0.7 0.70857304
628	NO	IE		261	41	1	69	10	1 0.7 0.70983446
629	YES	SUM		115	19	1	93	15	1 0.5714286 0.5967242
630	YES	IR		143	25	1	32	5	1 0.4 0.39800003
631	NO	SUM		144	23	1	174	27	1 0.46153846 0.431085
632	YES	QA		179	33	1	38	7	1 1.0 1.0
633	YES	QA		166	26	1	33	6	1 0.5 0.51189196
634	NO	SUM		135	24	1	132	18	1 0.125 0.067483425
635	NO	QA		65	11	1	34	5	1 1.0 1.0
636	YES	IR		121	16	1	44	6	1 0.8333333 0.8294543
637	YES	QA		157	31	1	37	6	1 0.5 0.47829583
638	YES	QA		156	23	1	32	4	1 0.75 0.7499562
639	YES	IE		131	20	1	41	8	1 0.625 0.66085494
640	NO	IR		106	17	1	85	14	1 0.3846154 0.3223454
641	YES	IE		157	25	1	48	9	1 0.625 0.6316058
642	NO	QA		206	32	1	58	9	1 0.6666667 0.5947473
643	YES	SUM		150	27	1	82	17	1 0.6875 0.666619
644	NO	SUM		145	28	1	62	10	1 0.4 0.3423558
645	YES	SUM		135	22	1	59	8	1 1.0 1.0
646	NO	IE		250	43	1	40	7	1 0.42857143 0.43559825
647	YES	QA		185	31	1	64	11	1 0.5555556 0.5021411
648	YES	QA		138	22	1	36	6	1 0.5 0.3825715
649	YES	QA		147	23	1	38	5	1 0.6 0.61730075
650	NO	SUM		219	28	1	93	13	1 0.46153846 0.4236486
651	NO	IE		123	19	1	47	8	1 0.625 0.6669754
652	NO	QA		63	9	1	34	4	1 0.75 0.7565747
653	NO	IE		141	27	1	29	5	1 0.8 0.80010426
654	YES	QA		135	21	1	40	6	1 1.0 1.0
655	NO	IE		218	40	1	48	9	1 0.7777778 0.7432248
656	NO	IR		94	15	1	56	7	1 0.2857143 0.2867069
657	NO	IE		199	31	1	45	7	1 0.5714286 0.5059821
658	NO	QA		132	20	1	65	11	1 0.6666667 0.62601566
659	NO	QA		220	42	1	45	9	1 0.6666667 0.6507788
660	NO	IR		127	23	1	36	7	1 0.71428573 0.6401734
661	NO	QA		210	37	1	37	6	1 0.33333334 0.33767414
662	NO	QA		219	38	1	32	6	1 0.5 0.53952384
663	YES	IE		127	21	1	34	6	1 0.5 0.5098255
664	YES	SUM		155	24	1	67	10	1 0.6 0.5649736
665	YES	QA		117	22	1	33	6	1 0.8333333 0.8537151
666	YES	SUM		106	19	1	72	11	1 0.45454547 0.45273745
667	NO	SUM		189	32	1	114	20	1 0.36842105 0.34327623
668	NO	IE		223	29	1	43	6	1 0.5 0.51914674
669	YES	QA		165	26	1	40	7	1 0.85714287 0.86429477
670	YES	IE		203	35	1	40	7	1 0.5714286 0.5111033
671	NO	IE		89	18	1	66	12	1 0.7 0.6674686
672	YES	SUM		167	25	1	64	10	1 0.5 0.43579277
673	YES	QA		58	11	1	66	14	1 0.61538464 0.61039084
674	YES	SUM		143	24	1	94	17	1 0.7058824 0.70417494
675	NO	QA		163	28	1	41	8	1 0.625 0.55350375
676	YES	QA		90	18	1	40	8	1 0.75 0.73631525
677	NO	QA		272	42	1	68	11	1 0.5 0.41325614
678	YES	IE		84	16	1	44	8	1 0.75 0.71328735
679	YES	IE		326	52	1	36	8	1 0.5714286 0.53480464
680	NO	IE		131	19	1	60	9	1 0.6666667 0.6440305
681	YES	SUM		128	21	1	65	12	1 0.6 0.57625836
682	NO	SUM		194	34	1	137	26	1 0.52380955 0.4851108
683	YES	QA		351	61	1	63	11	1 0.5555556 0.5003955
684	NO	IE		462	73	1	77	11	1 0.90909094 0.9044428
685	YES	QA		166	24	1	38	6	1 1.0 1.0
686	NO	QA		232	37	1	59	10	1 0.6666667 0.62663925
687	YES	QA		173	31	1	65	13	1 0.8333333 0.8009184
688	YES	SUM		170	28	1	126	20	1 0.5 0.4631437
689	YES	SUM		178	29	1	86	16	1 0.46666667 0.42682514
690	NO	IR		183	30	1	31	4	1 0.5 0.50437504
691	NO	QA		183	31	1	51	8	1 1.0 1.0
692	NO	IE		342	53	1	44	5	1 0.6 0.599742
693	NO	IR		73	10	1	28	4	1 0.5 0.5198655
694	NO	SUM		191	29	1	142	24	1 0.22727273 0.18692684
695	YES	IR		103	20	1	28	6	1 1.0 1.0
696	NO	SUM		240	41	1	91	15	1 0.33333334 0.2949868
697	NO	IR		148	26	1	32	5	1 0.4 0.39800003
698	NO	SUM		139	21	1	141	20	1 0.25 0.26811567
699	YES	SUM		112	18	1	43	7	1 0.6666667 0.5995799
700	NO	IR		152	21	1	54	10	1 0.3 0.20264587
701	NO	IE		136	21	1	51	7	1 0.5714286 0.6146923
702	NO	IE		214	33	1	47	7	1 0.71428573 0.71631336
703	YES	QA		155	22	1	44	6	1 0.6666667 0.7197303
704	YES	SUM		118	18	1	93	14	1 0.78571427 0.7345593
705	YES	IR		172	26	1	50	6	1 0.8333333 0.81752
706	NO	QA		106	14	1	53	9	1 0.6666667 0.62777424
707	YES	IE		190	31	1	51	10	1 0.8888889 0.8901015
708	NO	IR		166	26	1	55	11	1 0.36363637 0.39250016
709	NO	QA		107	18	1	65	14	1 0.53846157 0.47945815
710	YES	IR		89	14	1	48	8	1 0.5 0.57664335
711	NO	IE		179	28	1	36	6	1 0.4 0.25937185
712	YES	IE		141	21	1	45	6	1 0.6 0.61692935
713	YES	IE		183	31	1	20	4	1 0.5 0.50045246
714	YES	SUM		229	34	1	63	11	1 0.9 0.90721536
715	YES	QA		73	13	1	54	10	1 1.0 1.0
716	YES	IR		157	22	1	28	6	1 0.33333334 0.2304853
717	YES	IR		129	19	1	29	4	1 0.25 0.2594132
718	NO	QA		161	23	1	62	11	1 0.7 0.71964294
719	NO	IE		179	29	1	43	8	1 0.5714286 0.6001488
720	YES	SUM		200	28	1	95	13	1 0.46153846 0.4439801
721	YES	QA		156	22	1	46	8	1 0.5 0.45802575
722	NO	QA		54	7	1	33	5	1 0.6 0.68777406
723	NO	IR		70	10	1	45	6	1 0.5 0.487911
724	NO	IR		37	7	1	43	7	1 0.42857143 0.3944105
725	YES	IR		124	20	1	28	4	1 0.75 0.777545
726	YES	IR		118	18	1	47	7	1 0.71428573 0.7220833
727	YES	IE		211	29	1	50	7	1 0.71428573 0.64418876
728	NO	IR		274	46	1	42	6	1 0.8 0.7494362
729	YES	IE		263	40	1	57	9	1 0.625 0.54179144
730	YES	SUM		150	27	1	111	18	1 0.5882353 0.53113633
731	NO	IE		179	29	1	59	9	1 0.6666667 0.6255029
732	YES	IE		192	36	1	38	7	1 0.71428573 0.7075423
733	NO	SUM		318	47	1	141	23	1 0.4347826 0.40200073
734	NO	IR		73	15	1	48	7	1 0.5714286 0.48893288
735	NO	IR		168	27	1	43	7	1 1.0 1.0
736	YES	IE		93	17	1	69	12	1 0.90909094 0.90089434
737	YES	IR		39	6	1	43	7	1 0.5714286 0.5853435
738	YES	SUM		183	31	1	66	10	1 0.6666667 0.6067073
739	NO	IR		272	40	1	31	4	1 0.25 0.25211364
740	YES	QA		92	16	1	32	5	1 0.4 0.41610637
741	NO	SUM		194	30	1	109	18	1 0.5 0.41262168
742	NO	IR		141	22	1	26	4	1 0.75 0.7469349
743	NO	QA		161	27	1	38	5	1 0.4 0.45866424
744	YES	QA		98	18	1	54	10	1 1.0 1.0
745	NO	IE		257	43	1	48	9	1 0.6666667 0.5823436
746	NO	IE		149	23	1	39	8	1 0.375 0.23532772
747	NO	SUM		208	31	1	108	15	1 0.33333334 0.26775104
748	NO	IR		250	41	1	36	7	1 0.85714287 0.8211381
749	YES	SUM		180	30	1	92	17	1 0.6 0.59659797
750	NO	IR		128	21	1	46	8	1 0.5714286 0.4583853
751	YES	QA		248	39	1	77	13	1 0.75 0.7018435
752	YES	QA		168	28	1	33	7	1 0.5714286 0.54016083
753	NO	IR		213	37	1	32	5	1 0.4 0.39800003
754	YES	IR		157	26	1	26	4	1 1.0 1.0
755	NO	IE		136	22	1	44	7	1 0.5714286 0.651621
756	YES	IR		115	22	1	49	10	1 0.625 0.6126101
757	YES	IR		159	27	1	43	6	1 0.6666667 0.64522517
758	NO	SUM		177	26	1	186	27	1 0.13043478 0.09256303
759	YES	IR		72	11	1	41	8	1 0.25 0.288253
760	YES	SUM		164	24	1	116	18	1 0.5 0.47049245
761	NO	QA		171	28	1	45	7	1 0.85714287 0.8414968
762	NO	IR		299	46	1	46	8	1 0.2857143 0.18479271
763	YES	IR		239	40	1	85	14	1 0.61538464 0.57550013
764	NO	IE		251	35	1	80	13	1 0.84615386 0.8218783
765	NO	QA		139	26	1	34	7	1 0.71428573 0.69687647
766	YES	SUM		175	26	1	70	14	1 0.6666667 0.649958
767	NO	IR		135	25	1	58	8	1 0.5714286 0.55105263
768	YES	SUM		164	25	1	68	11	1 0.54545456 0.5648477
769	NO	SUM		173	27	1	125	22	1 0.3181818 0.3141643
770	YES	SUM		168	26	1	121	20	1 0.9444444 0.9389662
771	NO	SUM		208	35	1	101	17	1 0.5625 0.5244619
772	NO	SUM		185	34	1	156	28	1 0.33333334 0.29759046
773	YES	IR		246	37	1	31	6	1 0.6666667 0.71798235
774	YES	SUM		209	35	1	51	9	1 0.7777778 0.77841604
775	YES	QA		221	33	1	32	5	1 0.4 0.42559293
776	NO	IE		462	73	1	69	10	1 0.8 0.8088778
777	NO	IE		102	15	1	31	5	1 0.8 0.7869584
778	YES	IR		159	22	1	61	9	1 0.25 0.27432787
779	YES	IR		189	33	1	49	8	1 0.5 0.40982148
780	YES	IE		137	17	1	53	8	1 0.375 0.37561277
781	NO	IR		153	24	1	56	7	1 0.14285715 0.14340468
782	NO	SUM		164	25	1	199	29	1 0.37931034 0.351655
783	YES	SUM		116	19	1	47	8	1 1.0 1.0
784	YES	SUM		209	34	1	64	11	1 0.54545456 0.5424601
785	NO	IR		255	36	1	31	4	1 0.25 0.25226143
786	NO	IE		296	43	1	105	17	1 1.0 1.0
787	NO	SUM		207	33	1	156	27	1 0.29166666 0.27007732
788	NO	QA		111	19	1	37	7	1 0.85714287 0.8728595
789	NO	SUM		197	29	1	67	11	1 0.18181819 0.18779741
790	YES	QA		69	12	1	22	4	1 0.5 0.5260081
791	NO	IR		159	27	1	43	6	1 0.8333333 0.82234466
792	YES	IR		118	19	1	32	5	1 0.6 0.59868675
793	YES	IE		249	39	1	116	17	1 0.8125 0.793478
794	YES	SUM		204	33	1	58	11	1 0.6 0.51953226
795	NO	IR		148	27	1	59	11	1 0.6 0.5891398
796	YES	IE		229	40	1	41	7	1 0.85714287 0.8428751
797	YES	QA		189	28	1	41	7	1 0.71428573 0.6890609
798	NO	SUM		162	27	1	109	18	1 0.1764706 0.104302615
799	YES	SUM		207	29	1	68	13	1 0.6666667 0.6482959
800	NO	SUM		154	23	1	76	14	1 0.35714287 0.3749212
