pair entails type len text.letters text.words text.sentences hyp.letters hyp.words hyp.sentences bag-of-words bag-of-words-by-freq
1	YES	IE	short	228	37	1	38	5	1 1.0 1.0
2	NO	IE	short	228	37	1	38	5	1 0.8 0.80048865
3	NO	IE	long	280	45	3	53	10	1 0.8888889 0.8751708
4	YES	IE	long	337	59	2	41	7	1 0.85714287 0.8732203
5	YES	IE	short	111	22	1	36	8	1 0.85714287 0.83883005
6	NO	IE	short	191	31	2	55	9	1 0.7777778 0.75772667
7	YES	IE	short	186	32	1	49	10	1 0.8 0.80300105
8	NO	IE	short	118	19	1	24	5	1 0.2 0.22384922
9	NO	IE	short	213	33	1	50	8	1 0.75 0.74485075
10	NO	IE	short	209	38	1	70	11	1 0.72727275 0.6736536
11	NO	IE	short	123	23	1	34	6	1 0.5 0.5395534
12	NO	IE	short	239	37	1	52	9	1 0.6666667 0.65464914
13	YES	IE	short	205	34	1	41	6	1 0.8333333 0.81850255
14	NO	IE	short	103	17	1	31	4	1 0.75 0.7500661
15	NO	IE	long	289	48	1	32	5	1 0.8 0.7872139
16	NO	IE	short	204	35	1	42	7	1 0.85714287 0.85517365
17	YES	IE	short	171	28	1	63	9	1 0.6666667 0.68828034
18	NO	IE	short	127	17	1	43	4	1 0.75 0.75000894
19	NO	IE	short	164	29	2	27	3	1 0.33333334 0.33338574
20	NO	IE	short	97	13	1	38	6	1 0.8333333 0.83193266
21	NO	IE	short	197	34	1	70	11	1 0.8181818 0.7899403
22	NO	IE	short	105	17	1	35	5	1 0.4 0.37247893
23	NO	IE	short	162	23	1	58	8	1 0.875 0.8570623
24	YES	IE	short	185	30	2	47	7	1 0.71428573 0.7470299
25	NO	IE	short	185	30	2	51	8	1 0.75 0.75931644
26	YES	IE	long	320	51	2	37	7	1 0.71428573 0.652435
27	YES	IE	short	193	30	1	62	8	1 0.875 0.86818665
28	YES	IE	short	119	24	1	38	6	1 0.6666667 0.6656413
29	NO	IE	long	381	68	2	47	7	1 0.71428573 0.71415263
30	NO	IE	short	204	32	1	31	4	1 0.75 0.75002146
31	NO	IE	short	164	26	1	50	8	1 0.85714287 0.8508802
32	YES	IE	short	227	39	2	28	6	1 0.8333333 0.8307463
33	YES	IE	short	207	31	1	35	6	1 0.6666667 0.68909216
34	YES	IE	short	225	33	1	25	6	1 0.6666667 0.61676824
35	YES	IE	short	207	31	1	50	8	1 0.625 0.61378515
36	NO	IE	short	110	18	1	30	6	1 0.5 0.5123218
37	YES	IE	short	155	26	1	33	5	1 0.6 0.61677164
38	YES	IE	short	253	40	1	36	6	1 0.6666667 0.66574895
39	YES	IE	short	146	26	1	57	9	1 0.625 0.5262755
40	NO	IE	short	181	27	1	41	7	1 0.85714287 0.8394345
41	NO	IE	short	146	26	1	29	4	1 0.5 0.49974248
42	NO	IE	short	182	26	1	41	7	1 0.5714286 0.55395555
43	YES	IE	short	221	36	2	54	8	1 0.625 0.7249188
44	YES	IE	short	167	29	1	36	6	1 0.6666667 0.7022697
45	NO	IE	short	162	30	2	25	4	1 0.25 0.28534427
46	NO	IE	short	177	32	1	29	5	1 0.8 0.80010694
47	NO	IE	short	217	36	1	29	5	1 0.8 0.79615384
48	YES	IE	long	340	58	3	57	10	1 0.9 0.89281946
49	YES	IE	short	231	39	2	82	14	1 0.75 0.7177722
50	YES	IE	short	132	19	1	32	4	1 0.75 0.6667048
51	YES	IE	short	136	27	3	34	5	1 0.2 0.23067641
52	YES	IE	short	148	25	1	32	5	1 0.6 0.5609649
53	NO	IE	short	152	24	1	45	8	1 0.625 0.6422573
54	NO	IE	short	238	38	1	59	10	1 0.9 0.8983383
55	YES	IE	short	176	27	1	57	8	1 0.25 0.2504971
56	YES	IE	short	197	35	2	33	4	1 0.75 0.7501725
57	YES	IE	short	236	43	2	27	4	1 0.5 0.5001447
58	YES	IE	short	159	27	1	38	7	1 0.85714287 0.86626905
59	YES	IE	short	108	17	1	36	4	1 0.75 0.7498632
60	NO	IE	short	121	19	1	44	6	1 0.8333333 0.7999897
61	YES	IE	short	263	37	1	35	6	1 0.5 0.410004
62	NO	IE	short	162	26	1	29	4	1 0.75 0.7495874
63	NO	IE	long	274	49	2	59	9	1 0.8888889 0.8644215
64	YES	IE	short	209	34	1	17	3	1 0.6666667 0.6668112
65	YES	IE	short	207	35	1	39	5	1 0.6 0.601762
66	YES	IE	short	197	31	1	64	9	1 0.7777778 0.77992254
67	NO	IE	short	163	28	1	34	6	1 0.5 0.4825294
68	NO	IE	short	167	29	1	32	6	1 0.6666667 0.61662567
69	YES	IE	short	147	29	1	22	3	1 0.33333334 0.33331746
70	YES	IE	short	90	14	1	29	5	1 0.6 0.6376469
71	YES	IE	short	206	31	1	43	6	1 0.8333333 0.8303127
72	YES	IE	long	302	52	2	47	9	1 0.6666667 0.6885678
74	NO	IE	long	302	52	2	83	13	1 0.7692308 0.80037117
75	NO	IE	short	212	34	1	60	10	1 0.9 0.8853174
76	NO	IE	short	168	28	1	48	5	1 0.8 0.79994625
77	NO	IE	short	147	23	1	50	8	1 0.75 0.7793908
78	NO	IE	short	169	26	1	37	4	1 0.5 0.4992324
79	YES	IE	short	144	23	1	54	9	1 0.6666667 0.66853875
80	YES	IE	short	179	34	2	43	7	1 0.5 0.5429229
81	NO	IE	short	142	23	1	75	10	1 0.4 0.39365485
82	YES	IE	long	411	73	2	40	6	1 0.33333334 0.33539236
83	YES	IE	short	181	32	2	38	6	1 0.33333334 0.34145758
84	NO	IE	short	173	31	1	44	6	1 0.5 0.5121705
85	NO	IE	short	173	31	1	29	5	1 1.0 1.0
86	NO	IE	short	180	28	1	33	7	1 0.85714287 0.8534136
87	NO	IE	short	180	28	1	42	7	1 0.71428573 0.6592743
88	NO	IE	long	253	41	3	29	3	1 0.6666667 0.66670793
89	YES	IE	long	253	41	3	43	7	1 0.8333333 0.769476
90	NO	IE	short	174	36	2	35	6	1 0.6666667 0.6438047
91	YES	IE	short	174	36	2	38	7	1 0.85714287 0.8135893
92	YES	IE	short	164	29	2	51	7	1 0.85714287 0.8243967
93	NO	IE	short	124	23	1	48	9	1 0.7777778 0.7538666
94	YES	IE	short	97	15	1	52	10	1 0.7 0.6966196
95	NO	IE	long	347	52	2	37	3	1 1.0 1.0
96	YES	IE	short	165	29	1	38	8	1 0.625 0.56665987
97	NO	IE	short	140	21	1	33	6	1 0.8333333 0.8244184
98	NO	IE	short	182	28	1	30	4	1 0.5 0.49989635
99	YES	IE	long	332	59	2	40	7	1 0.85714287 0.82429224
100	NO	IE	short	237	41	2	40	7	1 0.85714287 0.8315745
101	YES	IE	short	161	28	1	40	7	1 0.71428573 0.74115217
102	YES	IE	short	191	29	1	47	8	1 0.625 0.6609315
103	NO	IE	short	195	34	2	28	3	1 0.6666667 0.6668303
104	NO	IE	short	195	34	2	44	6	1 0.5 0.5055945
105	NO	IE	short	184	31	1	41	7	1 0.71428573 0.6349039
106	YES	IE	short	180	26	1	29	6	1 0.6666667 0.6383639
107	YES	IE	short	180	28	1	52	8	1 0.71428573 0.64438003
108	NO	IE	short	205	34	1	35	7	1 0.42857143 0.43769538
109	YES	IE	short	137	21	1	99	14	1 0.85714287 0.8505266
110	YES	IE	short	109	19	1	44	8	1 0.75 0.7296086
111	NO	IE	long	352	56	2	47	7	1 0.85714287 0.8244266
112	YES	IE	long	246	45	2	25	5	1 0.8 0.7866702
113	NO	IE	short	76	13	1	26	4	1 0.75 0.7494431
114	NO	IE	short	166	26	1	56	9	1 0.7777778 0.80805016
115	YES	IE	short	195	39	1	55	8	1 0.625 0.69251037
116	YES	IE	long	301	53	3	34	4	1 0.25 0.25010633
117	NO	IE	short	164	29	2	36	5	1 0.8 0.7497996
118	YES	IE	short	231	33	1	72	11	1 0.8 0.76448065
119	YES	IE	short	231	33	1	35	5	1 0.6 0.61693454
120	NO	IE	short	210	31	1	59	11	1 0.45454547 0.4636576
121	YES	IE	short	210	31	1	62	11	1 0.45454547 0.4636576
122	YES	IE	short	158	27	2	23	5	1 0.8 0.7805694
123	NO	IE	short	192	29	1	28	4	1 0.5 0.4999607
124	NO	IE	short	213	34	1	34	5	1 0.6 0.6002311
125	YES	IE	short	110	20	1	33	5	1 0.8 0.8004011
126	NO	IE	short	110	20	1	31	6	1 1.0 1.0
127	YES	IE	long	289	48	1	28	6	1 0.8333333 0.8245314
128	NO	IE	short	223	36	1	38	6	1 0.6666667 0.63979614
129	YES	IE	short	191	31	2	68	10	1 0.7777778 0.7792073
130	NO	IE	short	191	29	1	64	10	1 0.7 0.69882107
131	NO	IE	short	226	41	1	53	9	1 0.7777778 0.74734235
132	YES	IE	short	181	27	1	66	10	1 0.7 0.6884672
133	YES	IE	long	274	45	1	38	7	1 0.8333333 0.80181056
134	YES	IE	short	248	38	2	41	5	1 0.8 0.8000406
135	YES	IE	short	152	25	1	33	5	1 0.8 0.7874142
136	NO	IE	short	125	20	1	38	6	1 0.5 0.5184091
137	YES	IE	long	263	41	2	36	5	1 0.8 0.7999897
138	YES	IE	short	227	36	1	38	6	1 0.6666667 0.56910443
139	NO	IE	short	152	30	1	32	5	1 0.6 0.571897
140	NO	IE	short	259	43	1	50	8	1 0.75 0.7465962
141	NO	IE	short	190	30	1	32	6	1 0.6666667 0.56887996
142	YES	IE	long	295	54	4	55	9	1 0.6666667 0.64093673
143	NO	IE	short	210	31	1	46	7	1 0.71428573 0.6765298
144	YES	IE	short	183	28	1	49	6	1 0.8333333 0.80018985
145	YES	IE	short	125	20	1	34	5	1 0.4 0.42597824
146	YES	IE	short	103	23	1	29	5	1 0.8 0.800012
147	NO	IE	short	223	34	1	43	6	1 0.6666667 0.7011173
148	YES	IE	short	208	35	1	56	7	1 0.85714287 0.8332908
149	YES	IE	short	134	25	1	23	4	1 0.75 0.74533457
150	YES	IE	short	141	24	1	19	4	1 0.75 0.7295738
151	NO	IE	short	203	36	1	38	7	1 0.71428573 0.65130436
152	YES	IE	short	136	26	2	43	8	1 0.5 0.6316779
153	NO	IE	short	135	22	1	50	8	1 0.625 0.5742357
154	YES	IE	short	218	36	1	31	5	1 0.6 0.602575
155	YES	IE	short	192	29	1	41	5	1 0.8 0.7999582
156	NO	IE	short	108	18	1	61	11	1 0.8181818 0.791653
157	NO	IE	short	120	20	1	43	7	1 0.71428573 0.64007187
158	YES	IE	short	146	23	1	52	7	1 0.5714286 0.49448425
159	YES	IE	long	405	78	3	67	12	1 0.90909094 0.8909859
160	NO	IE	short	160	25	1	62	8	1 0.875 0.8571061
161	NO	IE	long	267	45	2	45	8	1 0.85714287 0.8172233
162	NO	IE	short	133	21	1	51	7	1 0.8333333 0.79947084
163	NO	IE	short	165	28	1	90	14	1 0.8333333 0.80184245
164	YES	IE	short	134	21	1	73	12	1 0.75 0.74151117
165	YES	IE	short	110	18	1	42	7	1 0.85714287 0.8314164
166	YES	IE	short	159	25	1	62	8	1 0.625 0.697719
167	YES	IE	short	114	21	1	38	6	1 0.5 0.40763807
168	YES	IE	long	266	53	4	39	7	1 0.85714287 0.82005656
169	NO	IE	long	348	62	2	67	10	1 0.8888889 0.86618274
170	YES	IE	short	221	41	2	34	6	1 0.6666667 0.6085935
171	NO	IE	short	221	41	2	45	8	1 0.5 0.47100967
172	YES	IE	short	179	32	2	38	6	1 0.8333333 0.7870122
173	YES	IE	short	178	26	1	46	7	1 0.5714286 0.5807499
174	YES	IE	short	175	26	1	48	9	1 0.6666667 0.7012941
175	YES	IE	short	157	26	1	68	11	1 0.8181818 0.8171922
176	YES	IE	short	128	24	1	46	8	1 0.875 0.86986613
177	YES	IE	short	128	24	1	40	7	1 0.5714286 0.582354
178	YES	IE	short	194	29	1	49	6	1 0.8333333 0.7869047
179	YES	IE	short	194	27	1	43	6	1 0.5 0.5293795
180	YES	IE	short	225	36	1	46	6	1 0.8333333 0.83279043
181	NO	IE	short	181	25	1	39	4	1 0.75 0.74927515
182	YES	IE	short	80	15	1	25	4	1 0.25 0.25680193
183	NO	IE	short	96	16	1	28	5	1 0.6 0.6169462
184	YES	IE	short	96	16	1	39	6	1 0.6666667 0.6821867
185	YES	IE	short	243	39	1	107	15	1 0.7692308 0.72820485
186	NO	IE	short	209	34	1	28	6	1 0.33333334 0.21963331
187	YES	IE	short	212	34	1	19	3	1 0.6666667 0.66739476
188	YES	IE	short	163	23	1	54	9	1 0.7777778 0.74339616
189	NO	IE	short	163	29	2	38	6	1 0.8333333 0.80086946
190	YES	IE	short	139	25	1	46	8	1 0.75 0.676628
191	YES	IE	short	176	30	1	31	5	1 0.8 0.78703004
192	NO	IE	short	144	24	2	44	8	1 1.0 1.0
193	YES	IE	short	98	18	1	30	6	1 0.6666667 0.5751572
194	NO	IE	short	166	28	1	30	4	1 0.75 0.7500858
195	YES	IE	long	316	52	2	66	9	1 0.875 0.8506091
196	YES	IE	short	151	22	1	27	4	1 0.5 0.5411222
197	YES	IE	short	206	34	1	41	8	1 0.75 0.7425618
198	YES	IE	short	170	29	1	26	5	1 0.8 0.7804984
199	NO	IE	short	209	38	1	31	6	1 1.0 1.0
200	NO	IE	long	374	65	3	40	6	1 0.8333333 0.77720267
201	NO	IR	short	168	26	1	35	7	1 0.2857143 0.23730293
202	YES	IR	long	338	58	4	41	5	1 0.6 0.58742994
203	NO	IR	short	280	47	2	34	5	1 0.6 0.6005091
204	YES	IR	short	108	14	1	32	6	1 0.5 0.46655542
205	NO	IR	short	280	46	2	53	6	1 0.33333334 0.3375863
206	YES	IR	long	398	64	3	34	5	1 0.8 0.71467835
207	NO	IR	short	129	21	1	71	12	1 0.5 0.47850868
208	NO	IR	long	311	50	2	61	8	1 0.2857143 0.16882612
209	NO	IR	short	273	52	2	44	7	1 0.2857143 0.2554616
210	NO	IR	short	210	35	2	35	6	1 0.5 0.47048065
211	NO	IR	short	133	22	1	54	10	1 0.7777778 0.75870186
212	YES	IR	short	201	34	1	34	5	1 0.6 0.61557484
213	NO	IR	short	204	31	1	41	5	1 0.0 0.0
214	NO	IR	short	188	35	1	35	6	1 0.5 0.4757157
215	YES	IR	short	113	21	1	32	4	1 0.75 0.7409388
216	YES	IR	short	236	39	2	43	6	1 0.6666667 0.6489076
217	NO	IR	long	422	72	3	42	7	1 0.71428573 0.67724425
218	YES	IR	long	480	77	2	39	6	1 0.8333333 0.83181703
219	NO	IR	short	203	34	1	38	5	1 0.4 0.3978365
220	NO	IR	short	165	28	1	33	5	1 0.0 0.0
221	YES	IR	short	138	21	1	35	7	1 0.2857143 0.3054121
222	YES	IR	long	375	69	3	38	6	1 0.6666667 0.6534095
223	NO	IR	short	225	34	1	40	6	1 0.16666667 0.089033134
224	NO	IR	short	165	27	1	49	9	1 0.5555556 0.60386723
225	YES	IR	short	209	34	2	31	4	1 0.5 0.5000268
226	YES	IR	short	247	45	3	64	10	1 0.7 0.68749624
227	YES	IR	short	115	17	1	42	7	1 0.2857143 0.3222229
228	YES	IR	long	647	111	2	61	8	1 0.2857143 0.16882612
229	NO	IR	short	257	40	2	49	9	1 0.44444445 0.4693393
230	YES	IR	long	336	56	1	21	4	1 0.75 0.66673654
231	YES	IR	short	101	16	1	48	7	1 0.5714286 0.5518749
232	YES	IR	short	228	37	1	113	18	1 0.5625 0.48867187
233	NO	IR	short	233	40	1	56	7	1 0.2857143 0.29574612
234	YES	IR	short	155	24	1	34	5	1 0.8 0.8098083
235	NO	IR	short	198	34	1	44	6	1 0.33333334 0.3338599
236	YES	IR	short	346	59	2	44	6	1 0.6666667 0.6661091
237	NO	IR	short	165	32	4	41	5	1 0.2 0.20014079
238	YES	IR	short	240	41	1	44	7	1 0.85714287 0.84931546
239	NO	IR	short	170	28	1	44	6	1 0.5 0.45725083
240	YES	IR	short	153	28	2	47	8	1 0.5 0.4888168
241	NO	IR	short	223	34	1	21	4	1 0.5 0.33327296
242	NO	IR	short	134	23	1	34	5	1 0.4 0.41043895
243	NO	IR	short	149	26	1	50	10	1 0.5 0.42746714
244	YES	IR	short	240	41	2	25	5	1 0.8 0.78711104
245	NO	IR	short	154	26	1	36	6	1 0.5 0.47774315
246	YES	IR	short	257	40	2	69	12	1 0.75 0.6944945
247	YES	IR	short	231	46	3	35	6	1 0.6666667 0.65224147
248	NO	IR	short	213	35	2	40	6	1 0.33333334 0.3392941
249	NO	IR	short	193	27	1	60	9	1 0.44444445 0.38514778
250	NO	IR	short	233	36	2	64	10	1 0.1 0.110962205
251	YES	IR	short	175	30	1	35	7	1 0.42857143 0.39021018
252	NO	IR	long	379	58	2	73	10	1 0.22222222 0.23174588
253	NO	IR	long	310	47	5	42	7	1 0.2857143 0.27356607
254	YES	IR	short	116	17	1	77	11	1 0.36363637 0.34426206
255	NO	IR	short	139	22	1	37	5	1 0.2 0.20061862
256	NO	IR	short	202	32	2	48	7	1 0.2857143 0.23184136
257	NO	IR	short	111	21	1	43	6	1 0.33333334 0.3511539
258	YES	IR	short	247	37	2	37	5	1 0.6 0.6024791
259	NO	IR	long	337	54	3	44	6	1 0.33333334 0.36879006
260	NO	IR	short	153	25	2	48	7	1 0.2857143 0.29865456
261	YES	IR	long	467	76	2	50	5	1 0.2 0.2001287
262	YES	IR	long	423	80	3	33	5	1 0.6 0.5739812
263	YES	IR	short	103	18	2	29	5	1 0.4 0.36109722
264	YES	IR	short	171	27	2	63	10	1 0.9 0.8882917
265	NO	IR	long	385	65	2	42	6	1 0.5 0.48568338
266	NO	IR	short	121	20	1	41	5	1 0.2 0.20631303
267	NO	IR	short	286	45	2	41	5	1 0.0 0.0
268	YES	IR	short	140	23	1	46	8	1 0.375 0.416203
269	NO	IR	short	224	39	2	48	7	1 0.71428573 0.69380903
270	NO	IR	short	308	47	1	42	7	1 0.42857143 0.39883593
271	NO	IR	long	390	58	3	29	4	1 0.25 0.25022352
272	NO	IR	short	191	38	2	50	5	1 0.2 0.20011441
273	NO	IR	short	264	48	2	23	4	1 0.5 0.45877442
274	NO	IR	short	253	49	2	42	6	1 0.33333334 0.27463818
275	NO	IR	short	191	28	1	64	12	1 0.36363637 0.36206868
276	NO	IR	long	283	49	3	34	5	1 0.6 0.6005091
277	YES	IR	short	199	31	2	43	6	1 1.0 1.0
278	YES	IR	long	317	48	2	38	5	1 1.0 1.0
279	NO	IR	long	339	56	2	47	6	1 0.33333334 0.20010467
280	NO	IR	short	148	22	1	43	6	1 0.5 0.4733697
281	NO	IR	short	302	42	1	73	10	1 0.5555556 0.5368696
282	NO	IR	short	181	30	1	58	10	1 0.6 0.5954303
283	NO	IR	short	193	36	1	61	8	1 0.42857143 0.3375895
284	YES	IR	long	399	58	1	43	6	1 0.6666667 0.6488997
285	YES	IR	short	392	61	2	49	8	1 0.71428573 0.72711736
286	YES	IR	short	110	18	2	49	8	1 0.71428573 0.72729605
287	YES	IR	short	144	22	1	40	6	1 0.5 0.46479252
288	YES	IR	short	261	44	2	41	5	1 1.0 1.0
289	YES	IR	long	453	74	2	25	4	1 0.5 0.44798198
290	YES	IR	short	224	36	1	48	7	1 0.42857143 0.46169803
291	NO	IR	short	123	18	1	41	6	1 0.33333334 0.34277093
292	NO	IR	short	104	19	1	46	8	1 0.125 0.13894151
293	YES	IR	short	297	49	2	29	4	1 0.75 0.74978364
294	YES	IR	short	149	23	1	45	7	1 0.71428573 0.64942753
295	YES	IR	short	169	31	2	40	7	1 0.2857143 0.29583272
296	NO	IR	short	190	32	1	60	9	1 0.33333334 0.2567664
297	NO	IR	short	250	37	2	51	8	1 0.75 0.7842303
298	YES	IR	short	240	38	1	29	4	1 0.5 0.4996996
299	YES	IR	short	305	44	2	73	10	1 0.5555556 0.5368696
300	YES	IR	long	417	64	2	37	7	1 0.71428573 0.7331835
301	NO	IR	short	215	33	2	37	5	1 0.8 0.71227396
302	NO	IR	short	229	40	2	51	8	1 0.625 0.6408477
303	NO	IR	short	207	33	1	46	8	1 0.25 0.17821187
304	YES	IR	short	138	28	2	58	10	1 0.8 0.78268296
305	NO	IR	short	182	34	2	39	6	1 0.6666667 0.6607333
306	YES	IR	short	204	40	3	42	7	1 0.5714286 0.5957774
307	YES	IR	short	238	42	2	67	11	1 0.6363636 0.61697686
308	YES	IR	short	226	36	2	48	7	1 0.42857143 0.46169803
309	NO	IR	long	362	61	1	53	9	1 0.7777778 0.7462661
310	YES	IR	long	304	49	2	41	6	1 0.6666667 0.65715796
311	YES	IR	short	136	24	1	53	9	1 0.7777778 0.74747914
312	NO	IR	short	135	18	1	46	7	1 0.5714286 0.580133
313	YES	IR	short	225	40	4	43	6	1 1.0 1.0
314	NO	IR	long	361	65	3	55	8	1 0.375 0.40219286
315	YES	IR	long	375	58	3	38	5	1 1.0 1.0
316	YES	IR	short	134	19	1	62	9	1 0.33333334 0.35363615
317	YES	IR	short	98	16	1	42	6	1 1.0 1.0
318	YES	IR	short	169	26	1	32	4	1 0.5 0.51816314
319	NO	IR	short	172	30	2	41	6	1 0.5 0.48954633
320	NO	IR	short	208	37	2	26	5	1 0.6 0.56056345
321	YES	IR	short	195	28	2	26	5	1 0.6 0.5922358
322	NO	IR	short	157	23	1	40	6	1 0.0 0.0
323	NO	IR	long	294	52	1	52	9	1 0.7777778 0.73179245
324	YES	IR	short	267	45	2	29	5	1 0.8 0.78694
325	YES	IR	short	151	25	1	47	8	1 0.625 0.6032592
326	NO	IR	short	160	28	1	31	3	1 0.0 0.0
327	NO	IR	short	144	24	1	21	4	1 0.25 0.33326343
328	NO	IR	short	113	16	1	38	5	1 0.4 0.5133606
329	YES	IR	short	113	16	1	40	6	1 0.6666667 0.6521658
330	NO	IR	short	80	15	1	29	5	1 0.4 0.2501904
331	NO	IR	long	321	54	2	47	7	1 0.14285715 0.14760476
332	YES	IR	short	211	35	1	43	6	1 0.6666667 0.6485018
333	NO	IR	short	219	34	1	50	5	1 0.4 0.3997855
334	NO	IR	short	198	32	2	33	5	1 0.6 0.6389687
335	NO	IR	short	246	40	2	67	11	1 0.27272728 0.28755686
336	NO	IR	long	402	67	3	29	5	1 0.6 0.49984446
337	NO	IR	short	195	27	1	43	6	1 0.5 0.51185685
338	YES	IR	short	153	26	1	43	6	1 0.8333333 0.8532265
339	NO	IR	short	228	31	1	45	7	1 0.42857143 0.35168186
340	YES	IR	short	142	22	1	64	12	1 0.54545456 0.49664438
341	NO	IR	short	97	17	1	29	4	1 0.25 0.24947609
342	NO	IR	long	302	56	2	40	6	1 0.0 0.0
343	NO	IR	short	243	44	3	35	7	1 0.71428573 0.651379
344	YES	IR	long	356	57	2	35	7	1 0.5714286 0.5252363
345	NO	IR	long	422	75	4	54	10	1 0.8 0.7702167
346	YES	IR	long	390	66	3	36	6	1 1.0 1.0
347	NO	IR	long	402	71	2	43	6	1 0.5 0.4733746
348	YES	IR	long	289	57	3	48	7	1 0.5714286 0.5518749
349	YES	IR	long	348	62	3	54	10	1 0.8888889 0.8793311
350	NO	IR	short	246	44	2	48	6	1 0.6666667 0.60007894
351	YES	IR	short	252	37	1	62	9	1 0.5555556 0.5449888
352	YES	IR	short	151	23	1	41	5	1 0.4 0.4004132
353	NO	IR	short	224	37	1	62	10	1 0.5555556 0.465222
354	NO	IR	long	357	57	2	40	6	1 0.33333334 0.2746411
355	NO	IR	short	207	35	1	58	10	1 0.6 0.59530294
356	NO	IR	short	293	39	1	39	6	1 0.16666667 0.1695897
357	NO	IR	short	275	47	2	34	5	1 0.8 0.7995207
358	YES	IR	long	431	77	3	41	5	1 0.8 0.79833406
359	YES	IR	short	149	26	2	51	8	1 0.75 0.7132327
360	NO	IR	short	178	31	2	47	8	1 0.125 0.13243245
361	NO	IR	long	319	54	2	47	8	1 0.25 0.24692215
362	YES	IR	short	212	37	2	37	5	1 0.8 0.71227396
363	NO	IR	short	263	42	1	46	7	1 0.42857143 0.42598182
364	YES	IR	long	346	65	4	23	4	1 0.5 0.45870477
365	YES	IR	short	165	26	1	48	6	1 0.6666667 0.60007894
366	NO	IR	long	323	55	3	46	7	1 0.5714286 0.5788564
367	NO	IR	long	407	54	1	50	5	1 0.4 0.3997855
368	YES	IR	short	186	29	1	64	10	1 0.5 0.48404518
369	YES	IR	short	191	29	1	73	10	1 0.22222222 0.18933283
370	NO	IR	short	210	31	2	38	5	1 0.2 0.20118737
371	NO	IR	short	227	38	2	40	6	1 0.16666667 0.16964585
372	YES	IR	short	144	25	1	40	6	1 0.5 0.508906
373	NO	IR	short	217	38	2	48	6	1 0.6666667 0.60007894
374	YES	IR	short	179	34	2	50	9	1 0.7777778 0.76954454
375	YES	IR	short	138	24	1	54	10	1 0.6666667 0.64730406
376	YES	IR	short	251	46	2	34	5	1 0.2 0.1996279
377	YES	IR	short	130	23	1	23	4	1 0.75 0.7293195
378	YES	IR	short	233	38	1	53	9	1 0.8888889 0.87313217
379	NO	IR	short	217	37	1	35	7	1 0.2857143 0.15136524
380	YES	IR	long	569	97	3	113	18	1 0.625 0.5676113
381	NO	IR	short	232	37	3	39	7	1 0.42857143 0.2992212
382	NO	IR	short	275	42	2	44	7	1 0.2857143 0.30138198
383	NO	IR	short	207	36	2	48	7	1 0.42857143 0.4618369
384	NO	IR	short	159	26	1	55	8	1 0.5 0.40219715
385	NO	IR	short	182	29	2	65	11	1 0.36363637 0.30907154
386	YES	IR	short	221	36	2	58	9	1 0.6666667 0.5988496
387	NO	IR	short	153	25	1	113	18	1 0.5 0.44315347
388	NO	IR	short	224	31	1	62	10	1 0.5555556 0.465222
389	NO	IR	short	242	42	1	34	5	1 0.4 0.2853298
390	YES	IR	short	191	28	1	34	5	1 0.4 0.2853298
391	NO	IR	short	241	38	1	34	5	1 0.6 0.42936894
392	NO	IR	short	191	30	1	53	9	1 0.7777778 0.7462625
393	NO	IR	short	214	35	1	62	10	1 0.44444445 0.4010625
394	NO	IR	short	179	31	1	31	3	1 0.0 0.0
395	NO	IR	short	256	40	2	42	7	1 0.5714286 0.5528271
396	YES	IR	short	218	37	2	38	7	1 0.6666667 0.60361725
397	YES	IR	short	278	47	3	32	6	1 0.5 0.55828
398	YES	IR	short	135	23	1	41	5	1 0.4 0.39981514
399	NO	IR	short	285	41	2	35	7	1 0.85714287 0.8470752
400	NO	IR	long	100	18	1	52	9	1 0.6666667 0.5977548
401	NO	QA	long	304	54	3	28	5	1 0.6 0.54167503
402	NO	QA	long	292	42	1	57	10	1 0.44444445 0.3893968
403	YES	QA	long	398	64	1	29	5	1 0.6 0.68796337
404	NO	QA	long	280	48	2	56	11	1 0.4 0.32679856
405	YES	QA	long	396	69	3	56	11	1 0.5 0.44184962
406	YES	QA	long	386	65	3	75	12	1 0.75 0.75078404
407	NO	QA	long	320	58	4	44	7	1 0.71428573 0.6583887
408	YES	QA	long	424	78	4	44	7	1 0.85714287 0.82919437
409	YES	QA	long	527	93	2	47	9	1 0.5555556 0.47471893
410	YES	QA	long	424	69	2	47	9	1 0.6666667 0.6107551
411	YES	QA	long	356	66	2	35	6	1 0.6666667 0.71940637
412	NO	QA	long	317	46	1	28	5	1 0.6 0.49320057
413	NO	QA	long	310	56	2	46	8	1 0.5 0.403398
414	YES	QA	long	379	59	1	46	8	1 0.625 0.5530849
415	NO	QA	long	386	60	1	76	12	1 0.54545456 0.5873382
416	NO	QA	long	329	47	2	76	12	1 0.45454547 0.3729242
417	YES	QA	long	330	61	3	67	12	1 1.0 1.0
418	YES	QA	long	511	90	4	61	11	1 0.8181818 0.8114656
419	YES	QA	long	364	57	2	106	16	1 0.8 0.79267347
420	YES	QA	long	445	75	2	50	9	1 1.0 1.0
421	YES	QA	long	494	88	2	31	5	1 0.6 0.48151925
422	YES	QA	long	311	56	4	40	6	1 0.33333334 0.34552398
423	NO	QA	long	542	83	2	53	9	1 0.6666667 0.60386354
424	NO	QA	long	357	61	2	53	8	1 0.5 0.3508608
425	YES	QA	short	174	27	1	54	9	1 0.7777778 0.8909787
426	YES	QA	long	268	47	1	54	9	1 1.0 1.0
427	NO	QA	long	294	43	1	76	14	1 0.083333336 2.703945e-6
428	NO	QA	long	436	69	2	186	28	1 0.28 0.19230613
429	NO	QA	long	414	68	2	186	28	1 0.36 0.267977
430	NO	QA	long	271	44	2	32	6	1 0.5 0.4734556
431	NO	QA	long	493	79	3	52	8	1 0.5 0.36885634
432	YES	QA	long	347	56	1	57	9	1 0.8888889 0.8965261
433	YES	QA	long	455	85	4	32	5	1 1.0 1.0
434	YES	QA	long	374	75	3	38	8	1 0.625 0.5646159
435	NO	QA	long	381	65	2	75	12	1 0.16666667 0.15444814
436	YES	QA	long	437	73	4	54	7	1 1.0 1.0
437	YES	QA	long	504	91	2	83	12	1 0.9166667 0.908623
438	YES	QA	long	482	84	4	57	9	1 1.0 1.0
439	YES	QA	short	194	35	1	40	8	1 0.875 0.8422488
440	YES	QA	long	362	55	1	46	7	1 0.71428573 0.6579317
441	YES	QA	long	335	55	1	40	7	1 1.0 1.0
442	NO	QA	long	343	54	1	47	8	1 0.125 0.09203514
443	NO	QA	long	298	47	1	49	7	1 0.5714286 0.5367519
444	YES	QA	long	340	54	1	38	7	1 0.71428573 0.6442239
445	YES	QA	long	286	48	1	38	7	1 0.85714287 0.82213867
446	YES	QA	long	318	47	1	31	5	1 0.6 0.5744081
447	NO	QA	long	267	44	1	63	12	1 0.27272728 0.20430131
448	NO	QA	long	238	38	1	166	18	1 0.33333334 0.31302994
449	YES	QA	long	306	54	1	65	11	1 0.72727275 0.7211849
450	NO	QA	short	80	14	1	28	5	1 0.4 0.4258344
451	YES	QA	short	88	16	2	57	10	1 0.5555556 0.6622038
452	YES	QA	short	163	32	2	37	6	1 0.8333333 0.8134941
453	NO	QA	short	63	10	1	37	6	1 0.6666667 0.62692946
454	YES	QA	short	196	34	1	49	9	1 0.7777778 0.7984361
455	YES	QA	short	137	23	2	49	9	1 0.8888889 0.88735974
456	YES	QA	short	154	29	2	49	9	1 0.7777778 0.8046396
457	YES	QA	short	157	25	2	46	9	1 0.33333334 0.2568182
458	NO	QA	short	191	32	2	46	9	1 0.33333334 0.25698903
459	NO	QA	short	174	29	2	43	7	1 0.71428573 0.62584877
460	NO	QA	short	241	37	2	43	7	1 0.5714286 0.5358434
461	YES	QA	short	254	46	2	56	11	1 0.7 0.6586108
462	NO	QA	short	189	31	2	75	12	1 0.41666666 0.41575453
463	YES	QA	short	204	41	1	42	8	1 1.0 1.0
464	NO	QA	short	162	24	1	44	8	1 0.25 0.14621736
465	YES	QA	short	215	36	2	52	8	1 0.75 0.69496834
466	NO	QA	short	131	22	1	52	8	1 0.5 0.45770675
467	YES	QA	short	218	39	3	52	8	1 0.625 0.5636177
468	NO	QA	short	236	39	2	47	9	1 0.44444445 0.3895493
469	YES	QA	short	209	36	2	47	9	1 0.5555556 0.4550282
470	YES	QA	short	119	20	1	48	8	1 0.625 0.6396054
471	NO	QA	short	324	53	2	53	7	1 0.85714287 0.8428887
472	YES	QA	short	187	30	2	41	7	1 0.42857143 0.2773716
473	YES	QA	short	226	38	2	41	7	1 0.5714286 0.46468654
474	NO	QA	short	127	21	2	41	7	1 0.42857143 0.34787524
475	NO	QA	short	57	12	1	37	5	1 0.2 0.17826551
476	YES	QA	short	284	51	3	37	5	1 0.4 0.3863005
477	YES	QA	short	297	53	2	31	6	1 1.0 1.0
478	NO	QA	short	263	47	2	31	6	1 0.8333333 0.8242696
479	NO	QA	short	171	29	2	31	6	1 0.8333333 0.8242696
480	NO	QA	short	241	42	2	28	5	1 0.4 0.25455114
481	YES	QA	short	187	29	1	28	5	1 1.0 1.0
482	YES	QA	short	185	32	1	46	8	1 1.0 1.0
483	NO	QA	short	99	17	1	46	8	1 0.375 0.29936954
484	YES	QA	short	119	21	2	76	12	1 0.27272728 0.15851633
485	NO	QA	short	235	43	2	41	6	1 0.5 0.45987356
486	NO	QA	short	170	30	1	41	6	1 0.5 0.45987356
487	YES	QA	short	213	37	2	41	6	1 0.6666667 0.66516215
488	YES	QA	short	362	59	2	37	5	1 1.0 1.0
489	YES	QA	short	229	38	1	39	6	1 1.0 1.0
490	YES	QA	short	347	56	1	33	6	1 0.5 0.46735615
491	YES	QA	short	119	20	1	66	11	1 0.6363636 0.6877221
492	NO	QA	short	147	26	2	56	11	1 0.45454547 0.45306522
493	YES	QA	short	59	11	1	56	11	1 0.90909094 0.9131588
494	NO	QA	short	170	30	1	56	11	1 0.6363636 0.60251164
495	YES	QA	short	0	0	0	56	11	1 0.54545456 0.5532067
496	YES	QA	short	257	43	2	36	7	1 1.0 1.0
497	NO	QA	short	257	44	2	36	7	1 0.42857143 0.4569067
498	YES	QA	short	329	58	3	36	7	1 1.0 1.0
499	YES	QA	short	169	35	2	40	6	1 0.33333334 0.32166013
500	NO	QA	short	268	43	2	40	6	1 0.6666667 0.6672039
501	NO	QA	short	149	24	1	52	7	1 0.14285715 0.14586574
502	NO	QA	short	157	26	1	52	7	1 0.42857143 0.4375701
503	YES	QA	short	169	31	2	30	5	1 1.0 1.0
504	NO	QA	short	168	24	1	30	5	1 0.6 0.61114943
505	YES	QA	short	65	12	1	32	6	1 0.5 0.4878869
506	YES	QA	short	105	20	1	32	6	1 0.8333333 0.8299475
507	NO	QA	short	248	44	3	30	6	1 0.6666667 0.58858377
508	YES	QA	short	236	38	3	56	8	1 1.0 1.0
509	NO	QA	short	262	38	3	56	8	1 0.75 0.68417823
510	NO	QA	short	119	18	1	56	8	1 0.875 0.92425054
511	YES	QA	short	113	19	1	53	9	1 0.33333334 0.24620652
512	YES	QA	short	123	23	1	36	7	1 1.0 1.0
513	YES	QA	short	186	30	2	36	7	1 1.0 1.0
514	NO	QA	short	172	27	2	35	5	1 0.8 0.770622
515	YES	QA	short	81	11	1	35	5	1 0.6 0.6879143
516	YES	QA	short	113	19	1	38	6	1 0.6666667 0.65373814
517	YES	QA	short	170	28	1	42	7	1 0.71428573 0.68339634
518	NO	QA	short	96	18	1	42	7	1 0.5714286 0.5122623
519	NO	QA	short	201	35	1	44	10	1 0.6666667 0.62305695
520	NO	QA	short	232	45	2	44	10	1 0.5555556 0.49070188
521	NO	QA	short	283	47	2	59	11	1 0.4 0.3126288
522	NO	QA	short	198	34	1	46	8	1 0.375 0.23371884
523	NO	QA	short	122	17	1	51	8	1 0.625 0.52593243
524	NO	QA	short	274	46	2	97	19	1 0.33333334 0.28377813
525	NO	QA	short	251	39	1	94	17	1 0.1875 0.10689422
526	NO	QA	short	182	28	1	87	15	1 0.30769232 0.21709363
527	NO	QA	short	132	21	1	54	9	1 0.33333334 0.25403836
528	NO	QA	short	248	44	2	50	7	1 0.42857143 0.37684235
529	YES	QA	short	145	24	1	48	8	1 0.875 0.8643925
530	YES	QA	short	204	32	1	48	8	1 0.625 0.70592177
531	NO	QA	short	121	20	1	48	8	1 0.125 4.529611e-6
532	NO	QA	short	108	17	1	32	6	1 0.6666667 0.6490047
533	YES	QA	short	216	34	1	58	11	1 0.9 0.89683545
534	NO	QA	short	130	20	1	58	11	1 0.3 0.1783843
535	NO	QA	short	219	37	2	52	8	1 0.5 0.36884055
536	YES	QA	short	207	36	1	42	7	1 0.85714287 0.9205578
537	YES	QA	short	209	33	1	48	7	1 0.5714286 0.5401542
538	YES	QA	short	209	33	1	46	8	1 0.875 0.8744855
539	YES	QA	short	77	14	1	37	7	1 0.85714287 0.83361346
540	YES	QA	short	214	32	1	60	8	1 1.0 1.0
541	YES	QA	short	198	32	1	24	4	1 0.75 0.7453548
542	YES	QA	short	162	23	1	45	7	1 0.85714287 0.8648928
543	NO	QA	short	246	43	1	53	10	1 0.7 0.6630705
544	YES	QA	short	177	31	1	48	9	1 0.6666667 0.62237114
545	YES	QA	short	269	43	1	33	6	1 0.8333333 0.9058233
546	NO	QA	short	163	26	1	58	10	1 0.6 0.5414504
547	YES	QA	short	299	54	1	52	9	1 0.75 0.7827857
548	YES	QA	short	226	39	1	62	9	1 0.875 0.8570404
549	YES	QA	short	200	35	1	72	12	1 0.9166667 0.9123686
550	YES	QA	short	115	18	1	50	9	1 0.7777778 0.7466476
551	YES	QA	short	220	33	1	58	10	1 0.5555556 0.46573797
552	NO	QA	short	200	35	1	43	9	1 0.44444445 0.40868273
553	YES	QA	short	261	45	1	43	9	1 0.6666667 0.61067075
554	NO	QA	short	103	18	1	101	18	1 0.125 0.070307106
555	YES	QA	short	135	22	1	46	7	1 0.71428573 0.69855094
556	YES	QA	short	110	19	1	25	5	1 1.0 1.0
557	YES	QA	short	57	11	1	25	5	1 1.0 1.0
558	YES	QA	short	163	28	1	25	5	1 1.0 1.0
559	NO	QA	short	187	31	1	46	9	1 0.33333334 0.26546428
560	YES	QA	short	198	34	1	46	9	1 0.44444445 0.35866302
561	NO	QA	short	271	49	1	46	9	1 0.33333334 0.2271756
562	YES	QA	short	266	43	1	40	7	1 0.71428573 0.7161799
563	YES	QA	short	185	30	1	37	8	1 0.5 0.5291926
564	NO	QA	short	216	37	1	37	8	1 0.625 0.621298
565	NO	QA	short	234	42	1	37	8	1 0.875 0.8675475
566	YES	QA	short	80	13	1	45	7	1 1.0 1.0
567	NO	QA	short	249	41	1	45	7	1 0.14285715 0.10606057
568	NO	QA	short	100	16	1	61	11	1 0.5 0.44302243
569	NO	QA	short	202	32	1	61	11	1 0.4 0.33871308
570	YES	QA	short	199	34	1	45	7	1 0.85714287 0.82209474
571	NO	QA	short	235	33	1	45	7	1 0.42857143 0.35527888
572	YES	QA	short	144	23	1	33	5	1 0.4 0.41103452
573	YES	QA	short	187	25	1	33	5	1 0.2 0.20624977
574	NO	QA	short	146	29	1	33	5	1 0.2 0.17649834
575	NO	QA	short	0	0	0	49	9	1 0.33333334 0.28763464
576	NO	QA	short	163	24	1	49	9	1 0.22222222 0.14392325
577	NO	QA	short	82	14	1	55	9	1 0.44444445 0.42654824
578	NO	QA	short	87	14	1	55	9	1 0.44444445 0.4315529
579	YES	QA	short	175	32	1	47	8	1 0.625 0.61204314
580	NO	QA	short	162	28	1	47	8	1 0.5 0.52386355
581	YES	QA	short	196	27	1	31	5	1 0.6 0.6879583
582	NO	QA	short	109	18	1	30	5	1 0.6 0.50787294
583	NO	QA	short	207	33	1	49	8	1 0.0 0.0
584	YES	QA	short	270	44	1	65	11	1 0.72727275 0.7211849
585	NO	QA	short	194	33	1	65	11	1 0.54545456 0.53352404
586	YES	QA	short	181	32	1	110	20	1 0.9375 0.9398991
587	NO	QA	short	136	24	1	110	20	1 0.3125 0.24416065
588	YES	QA	short	214	35	1	77	13	1 0.6363636 0.62455666
589	NO	QA	short	202	36	1	77	13	1 0.18181819 0.10369133
590	NO	QA	short	168	25	1	41	6	1 0.33333334 0.34504056
591	NO	QA	short	208	33	1	41	6	1 0.33333334 0.33579582
592	YES	QA	short	147	24	1	114	17	1 1.0 1.0
593	NO	QA	short	216	38	1	114	17	1 0.5625 0.51447463
594	YES	QA	short	269	43	1	114	17	1 0.9375 0.93492424
595	NO	QA	short	222	37	1	105	16	1 0.4375 0.40740064
596	YES	QA	short	215	35	1	47	7	1 0.71428573 0.7165097
597	NO	QA	short	210	35	1	47	7	1 0.5714286 0.5637171
598	NO	QA	short	274	42	1	20	4	1 0.75 0.7474837
599	YES	QA	short	174	27	1	24	5	1 0.6 0.50493884
600	YES	QA	short	263	40	1	56	9	1 0.6666667 0.61470646
601	YES	SUM	long	293	49	2	67	11	1 0.9 0.8980365
602	NO	SUM	short	208	33	2	67	11	1 0.3 0.31262404
603	NO	SUM	long	354	58	2	106	17	1 0.7647059 0.7611918
604	YES	SUM	long	297	48	1	45	7	1 0.71428573 0.7066816
605	YES	SUM	long	330	57	3	51	7	1 1.0 1.0
606	NO	SUM	short	142	23	1	44	6	1 0.8333333 0.8332531
607	YES	SUM	long	330	57	3	50	7	1 0.85714287 0.8573911
608	NO	SUM	short	251	45	2	55	11	1 0.54545456 0.5185383
609	YES	SUM	short	138	26	1	36	5	1 0.2 0.20429604
610	YES	SUM	long	366	68	3	101	22	1 0.85714287 0.84016436
611	NO	SUM	short	245	43	1	65	9	1 0.22222222 0.18228671
612	NO	SUM	short	111	17	1	79	11	1 0.54545456 0.5838033
613	NO	SUM	short	138	24	1	96	18	1 0.75 0.77840465
614	YES	SUM	long	425	74	2	97	19	1 0.9411765 0.9300215
615	YES	SUM	long	368	73	2	81	14	1 0.6363636 0.58710575
616	NO	SUM	short	149	22	1	50	7	1 0.14285715 0.14580199
617	NO	SUM	short	132	24	1	68	9	1 0.11111111 0.057228453
618	YES	SUM	short	85	14	1	54	9	1 0.6666667 0.65391684
619	NO	SUM	short	132	19	1	42	7	1 0.2857143 0.27625287
620	NO	SUM	short	221	33	1	109	16	1 0.13333334 0.04597408
621	NO	SUM	short	203	35	1	43	6	1 0.5 0.4643945
622	NO	SUM	short	231	33	1	86	14	1 0.6363636 0.5591912
623	YES	SUM	long	333	56	2	44	8	1 1.0 1.0
624	YES	SUM	long	310	56	1	31	6	1 1.0 1.0
625	NO	SUM	short	143	21	1	55	10	1 0.5 0.44497177
626	YES	SUM	long	266	43	2	39	6	1 1.0 1.0
627	NO	SUM	short	138	21	1	50	8	1 0.375 0.40834385
628	NO	SUM	short	169	28	1	96	14	1 0.42857143 0.4148538
629	YES	SUM	long	324	53	2	95	15	1 0.78571427 0.7588481
630	YES	SUM	short	237	46	2	61	11	1 0.54545456 0.46000725
631	NO	SUM	short	161	25	1	54	7	1 0.2857143 0.30051377
632	YES	SUM	long	353	58	3	95	15	1 1.0 1.0
633	YES	SUM	short	77	13	1	63	10	1 0.6 0.56791675
634	YES	SUM	short	230	39	1	117	19	1 1.0 1.0
635	YES	SUM	short	149	23	1	87	13	1 0.84615386 0.8353065
636	YES	SUM	short	48	9	1	53	8	1 0.25 0.2555304
637	YES	SUM	short	107	19	1	78	13	1 0.61538464 0.63082653
638	NO	SUM	short	112	17	1	75	10	1 0.1 0.10545373
639	NO	SUM	short	131	22	1	82	13	1 0.3846154 0.3146999
640	YES	SUM	short	162	28	1	59	10	1 0.8 0.805329
641	NO	SUM	short	97	13	1	63	8	1 0.625 0.5995272
642	NO	SUM	short	74	12	1	93	15	1 0.6666667 0.66366833
643	YES	SUM	short	231	33	1	87	13	1 0.61538464 0.59050226
644	NO	SUM	short	72	14	1	57	7	1 0.14285715 0.09475903
645	NO	SUM	short	185	31	1	35	7	1 0.5714286 0.55299336
646	NO	SUM	short	166	26	1	70	8	1 0.14285715 0.1433083
647	YES	SUM	short	222	38	2	59	10	1 0.4 0.41277406
648	NO	SUM	short	90	15	1	69	10	1 0.3 0.32540873
649	NO	SUM	short	193	32	1	51	9	1 0.375 0.3436749
650	NO	SUM	short	138	23	1	36	5	1 0.2 0.20041935
651	NO	SUM	short	148	22	1	55	9	1 0.33333334 0.3054637
652	NO	SUM	short	128	21	1	55	8	1 0.5 0.46502835
653	YES	SUM	short	199	28	1	76	9	1 0.6666667 0.6520789
654	NO	SUM	short	226	34	1	39	5	1 0.4 0.36099175
655	YES	SUM	short	125	22	1	37	7	1 0.42857143 0.29757142
656	NO	SUM	short	225	38	1	95	15	1 0.75 0.7668481
657	YES	SUM	short	157	24	1	49	6	1 0.6666667 0.6614553
658	YES	SUM	short	89	14	1	49	6	1 0.8333333 0.833263
659	YES	SUM	short	135	22	1	57	8	1 0.625 0.5824189
660	NO	SUM	short	167	29	1	80	12	1 0.41666666 0.37281838
661	NO	SUM	short	107	20	1	47	6	1 0.0 0.0
662	YES	SUM	short	184	26	1	64	9	1 0.625 0.60612047
663	YES	SUM	short	263	47	1	75	10	1 0.1 0.09898466
664	NO	SUM	short	116	23	1	73	15	1 0.42857143 0.345531
665	YES	SUM	short	120	19	1	38	6	1 0.5 0.49851
666	YES	SUM	short	181	28	1	26	3	1 0.6666667 0.6665714
667	YES	SUM	short	237	35	1	106	16	1 1.0 1.0
668	NO	SUM	short	117	20	1	30	5	1 0.4 0.36114833
669	NO	SUM	short	92	14	1	53	8	1 0.5 0.5884128
670	YES	SUM	short	161	24	1	42	7	1 0.71428573 0.70309347
671	YES	SUM	short	218	34	1	65	9	1 0.44444445 0.41654485
672	YES	SUM	short	153	23	1	38	6	1 0.6666667 0.60000056
673	YES	SUM	short	260	39	1	68	10	1 0.3 0.22672069
674	NO	SUM	short	184	29	1	74	14	1 0.5 0.4443999
675	YES	SUM	short	89	14	1	31	6	1 0.6666667 0.66667354
676	NO	SUM	short	135	20	1	83	15	1 0.23076923 0.09912286
677	YES	SUM	short	170	28	1	57	10	1 0.5 0.46362907
678	NO	SUM	short	157	25	1	48	7	1 0.42857143 0.33253047
679	NO	SUM	short	131	20	1	96	15	1 0.13333334 0.11522082
680	NO	SUM	short	113	17	1	83	11	1 0.2 0.2004518
681	YES	SUM	short	94	16	1	59	10	1 0.5 0.39040974
682	NO	SUM	short	81	12	1	112	21	1 0.33333334 0.29189295
683	YES	SUM	short	139	24	1	29	3	1 0.0 0.0
684	NO	SUM	short	135	18	1	95	14	1 0.2857143 0.30053875
685	YES	SUM	short	117	19	1	84	13	1 0.3846154 0.3617789
686	NO	SUM	short	152	26	1	128	22	1 0.2857143 0.23063643
687	NO	SUM	short	85	14	1	95	15	1 0.42857143 0.3988028
688	NO	SUM	short	85	13	1	62	10	1 0.1 0.1050825
689	YES	SUM	short	128	20	1	85	13	1 1.0 1.0
690	YES	SUM	short	100	17	1	47	6	1 0.16666667 0.16818273
691	NO	SUM	short	83	13	1	61	10	1 0.33333334 0.32217175
692	NO	SUM	short	104	15	1	66	11	1 0.18181819 0.15416385
693	YES	SUM	short	151	24	1	80	12	1 0.5 0.459021
694	NO	SUM	short	160	26	1	90	14	1 0.21428572 0.16037455
695	NO	SUM	short	148	27	1	72	12	1 0.36363637 0.30755404
696	NO	SUM	short	139	22	1	71	12	1 0.33333334 0.32754698
697	YES	SUM	short	118	21	1	52	8	1 0.625 0.62261
698	YES	SUM	short	96	17	1	44	6	1 0.5 0.47395608
699	NO	SUM	short	195	33	1	57	9	1 0.625 0.5684137
700	YES	SUM	short	144	24	1	50	8	1 0.875 0.8687219
701	YES	SUM	short	145	25	1	62	10	1 0.4 0.39707837
702	NO	SUM	short	113	15	1	94	16	1 0.30769232 0.27366942
703	YES	SUM	long	330	57	3	58	8	1 0.5 0.43114164
704	YES	SUM	short	165	29	1	85	14	1 0.61538464 0.55469954
705	YES	SUM	short	131	17	1	49	9	1 0.22222222 0.13046327
706	NO	SUM	short	174	30	1	70	9	1 0.22222222 0.18864855
707	NO	SUM	long	341	50	1	80	9	1 0.75 0.7141209
708	YES	SUM	short	63	9	1	73	12	1 0.33333334 0.36594468
709	NO	SUM	short	91	14	1	61	10	1 0.4 0.4246466
710	YES	SUM	short	173	24	1	55	8	1 0.125 0.13235937
711	NO	SUM	short	217	35	1	67	8	1 0.25 0.25803468
712	NO	SUM	short	192	27	1	70	13	1 0.27272728 0.1749087
713	YES	SUM	short	197	33	1	55	7	1 0.71428573 0.6628933
714	NO	SUM	short	170	26	1	70	9	1 0.0 0.0
715	NO	SUM	short	87	17	1	140	22	1 0.15789473 0.09470995
716	NO	SUM	short	191	29	1	49	9	1 0.625 0.5581512
717	NO	SUM	short	228	39	1	56	11	1 0.54545456 0.44018373
718	NO	SUM	short	151	27	1	60	11	1 0.18181819 0.122545384
719	NO	SUM	short	194	29	1	67	10	1 0.3 0.3073797
720	NO	SUM	short	151	27	1	53	11	1 0.18181819 0.052915517
721	YES	SUM	short	186	35	1	72	12	1 0.33333334 0.18089291
722	YES	SUM	short	232	38	1	58	8	1 0.375 0.3566911
723	YES	SUM	short	164	27	1	65	11	1 0.6 0.5129625
724	YES	SUM	short	225	39	1	41	8	1 0.375 0.35209927
725	YES	SUM	short	216	38	1	118	20	1 0.94736844 0.9482023
726	YES	SUM	short	209	30	1	119	17	1 0.8235294 0.7998277
727	YES	SUM	short	214	34	1	90	12	1 1.0 1.0
728	YES	SUM	short	212	33	1	77	12	1 0.5833333 0.5276279
729	NO	SUM	short	89	17	1	57	11	1 0.8181818 0.81758434
730	YES	SUM	short	172	27	1	73	13	1 0.9166667 0.9049884
731	YES	SUM	short	142	20	1	56	8	1 0.375 0.30886787
732	NO	SUM	short	139	19	1	64	10	1 0.5 0.57442296
733	YES	SUM	short	180	31	1	50	8	1 0.75 0.7476885
734	NO	SUM	short	173	31	1	70	12	1 0.9166667 0.9152128
735	YES	SUM	short	156	28	1	52	9	1 0.6666667 0.6878187
736	YES	SUM	short	221	35	1	104	16	1 1.0 1.0
737	NO	SUM	short	160	27	1	81	12	1 0.6666667 0.656843
738	YES	SUM	short	153	25	1	45	9	1 0.7777778 0.71268344
739	NO	SUM	short	196	33	1	71	11	1 0.90909094 0.90821296
740	YES	SUM	short	123	17	1	79	12	1 0.6666667 0.67798215
741	YES	SUM	short	222	36	1	64	12	1 0.9166667 0.8940711
742	YES	SUM	short	219	31	1	93	14	1 0.78571427 0.7852001
743	YES	SUM	short	220	35	1	107	17	1 0.8666667 0.858351
744	YES	SUM	short	223	35	1	80	13	1 0.61538464 0.5674074
745	YES	SUM	short	217	32	1	57	7	1 0.5714286 0.58155626
746	YES	SUM	short	93	17	1	33	5	1 0.6 0.50029147
747	NO	SUM	short	212	32	1	77	13	1 0.6363636 0.6231146
748	YES	SUM	short	177	29	1	93	14	1 0.78571427 0.76172465
749	YES	SUM	short	185	31	1	54	10	1 0.8888889 0.8748335
750	YES	SUM	short	199	31	1	52	10	1 0.625 0.55773234
751	NO	SUM	short	179	30	1	58	11	1 0.90909094 0.88908976
752	NO	SUM	short	185	35	1	35	6	1 0.6666667 0.6527148
753	YES	SUM	short	130	24	1	53	10	1 0.6 0.567942
754	YES	SUM	short	190	33	1	73	15	1 0.53846157 0.49718904
755	YES	SUM	short	143	24	1	49	7	1 0.85714287 0.8297479
756	YES	SUM	short	140	23	1	49	6	1 0.8333333 0.8000915
757	YES	SUM	short	192	33	1	97	15	1 0.93333334 0.9239149
758	YES	SUM	short	123	21	1	88	15	1 1.0 1.0
759	YES	SUM	short	153	23	1	82	13	1 0.6923077 0.6825379
760	NO	SUM	short	135	24	1	98	19	1 1.0 1.0
761	YES	SUM	short	184	33	1	78	13	1 1.0 1.0
762	NO	SUM	short	150	24	1	37	5	1 0.6 0.5976032
763	YES	SUM	short	192	29	1	45	8	1 0.875 0.8739641
764	NO	SUM	short	131	23	1	45	6	1 1.0 1.0
765	YES	SUM	short	224	35	1	61	9	1 0.7777778 0.76306766
766	NO	SUM	short	254	46	2	54	9	1 0.8888889 0.8689921
767	YES	SUM	short	293	48	1	53	9	1 0.875 0.8648782
768	NO	SUM	short	276	49	2	68	14	1 0.6923077 0.7219344
769	YES	SUM	short	219	41	2	58	11	1 1.0 1.0
770	YES	SUM	short	173	31	1	43	9	1 0.6666667 0.636685
771	YES	SUM	short	175	26	1	52	7	1 0.85714287 0.85595614
772	NO	SUM	short	154	26	1	62	11	1 0.6363636 0.56025255
773	YES	SUM	short	170	29	1	74	10	1 0.7777778 0.73243856
774	NO	SUM	long	371	60	2	102	15	1 0.93333334 0.92333186
775	YES	SUM	short	204	35	1	52	8	1 1.0 1.0
776	NO	SUM	long	444	82	3	47	10	1 1.0 1.0
777	YES	SUM	short	168	30	1	57	9	1 0.7777778 0.72116226
778	YES	SUM	short	176	32	1	64	10	1 0.9 0.8924147
779	NO	SUM	short	205	41	2	35	7	1 0.71428573 0.6989099
780	YES	SUM	short	258	38	1	70	9	1 0.6666667 0.68230385
781	YES	SUM	short	190	29	1	56	9	1 0.8888889 0.88888043
782	YES	SUM	short	170	32	1	49	10	1 1.0 1.0
783	YES	SUM	short	214	36	1	71	13	1 0.84615386 0.8474792
784	YES	SUM	short	103	17	1	61	9	1 0.5555556 0.5682581
785	NO	SUM	short	112	20	1	51	8	1 0.625 0.61904055
786	NO	SUM	short	183	34	1	65	11	1 0.8181818 0.81379795
787	NO	SUM	short	123	24	1	44	7	1 0.5714286 0.49864632
788	NO	SUM	short	140	23	1	58	8	1 0.875 0.88275
789	NO	SUM	short	105	14	1	54	8	1 0.0 0.0
790	NO	SUM	short	246	38	2	35	6	1 0.4 0.25953028
791	NO	SUM	short	93	13	1	27	5	1 0.4 0.34778425
792	YES	SUM	short	160	26	1	68	11	1 0.45454547 0.39635307
793	NO	SUM	short	171	33	1	49	9	1 0.33333334 0.33266008
794	YES	SUM	short	217	36	1	36	7	1 0.71428573 0.7043487
795	YES	SUM	short	233	39	1	111	19	1 0.7647059 0.7418484
796	NO	SUM	short	175	24	1	45	8	1 0.625 0.64023405
797	YES	SUM	short	215	32	1	72	11	1 1.0 1.0
798	NO	SUM	short	190	28	1	44	8	1 0.71428573 0.6702612
799	NO	SUM	short	197	31	1	46	8	1 0.75 0.7444816
800	YES	SUM	short	201	34	1	37	7	1 0.71428573 0.74565935
